0	379,420,
1	89,
2	596,804,223,
3	594,
4	134,
5	367,
6	22,
7	584,73,294,
8	753,129,483,181,
9	62,328,621,302,
10	452,974,
11	992,412,986,908,
12	360,
13	114,187,716,733,
14	56,
15	568,
16	746,332,
17	841,361,288,
18	928,305,919,847,
19	921,
20	913,
21	432,137,330,662,
22	465,921,555,839,
23	280,25,
24	623,
25	658,
26	432,587,933,181,
27	480,569,541,405,
28	464,
29	576,405,
30	10,747,693,951,
31	402,4,430,
32	680,865,619,203,
33	736,
34	451,
35	986,51,842,
36	440,419,357,
37	539,
38	550,
39	294,726,583,
40	210,395,509,415,
41	305,602,469,
42	32,73,551,303,
43	947,
44	962,924,189,727,
45	968,614,
46	937,737,861,23,
47	130,
48	294,
49	221,148,525,661,
50	549,294,
51	684,383,
52	667,686,
53	174,
54	192,138,277,519,
55	776,788,
56	224,409,498,974,
57	81,
58	272,860,479,
59	475,767,
60	67,651,308,454,
61	709,681,714,29,
62	314,927,
63	899,182,
64	21,
65	288,819,279,
66	732,845,846,
67	504,
68	841,177,37,
69	671,167,
70	851,355,460,
71	287,669,591,159,
72	505,635,435,927,
73	752,20,
74	9,
75	430,166,142,
76	960,811,51,
77	894,286,
78	376,667,725,432,
79	655,919,
80	154,43,
81	766,
82	803,
83	32,894,
84	739,332,229,
85	532,726,238,701,
86	272,751,372,231,
87	760,849,762,
88	964,101,
89	504,
90	770,349,229,262,
91	248,
92	641,340,559,
93	49,242,795,
94	992,63,
95	712,353,406,
96	961,98,579,
97	368,806,131,467,
98	441,283,933,255,
99	515,491,741,759,
100	144,674,979,906,
101	74,459,990,959,
102	32,622,
103	834,195,174,254,
104	560,163,
105	720,441,403,699,
106	465,765,
107	44,
108	569,
109	393,977,815,
110	953,236,774,
111	408,989,
112	960,81,438,
113	224,362,762,951,
114	880,106,498,
115	152,
116	624,145,616,374,
117	353,131,511,
118	202,
119	345,249,906,61,
120	743,
121	240,529,891,37,
122	685,894,71,
123	467,197,654,
124	825,
125	560,131,923,366,
126	444,916,626,
127	508,583,
128	708,183,
129	20,237,572,191,
130	190,
131	787,846,671,
132	617,738,476,868,
133	696,
134	54,
135	360,312,104,247,
136	928,
137	947,
138	620,741,300,
139	624,403,443,
140	220,597,
141	320,186,
142	539,829,
143	451,404,
144	105,922,913,38,
145	152,489,682,315,
146	569,539,
147	457,942,
148	891,
149	952,601,
150	745,987,
151	924,
152	625,538,828,
153	456,554,
154	667,180,757,
155	240,17,308,
156	808,370,547,
157	683,317,
158	922,658,87,
159	818,427,
160	609,395,
161	938,989,415,
162	346,957,118,
163	754,69,21,
164	369,404,445,647,
165	370,
166	201,
167	242,5,214,
168	645,486,
169	788,
170	910,
171	253,126,
172	384,302,485,958,
173	35,
174	99,308,629,903,
175	729,942,295,
176	200,772,
177	729,322,932,717,
178	306,908,
179	624,185,777,
180	293,383,
181	218,82,35,
182	592,313,605,128,
183	456,
184	639,
185	182,
186	290,
187	100,
188	598,
189	240,242,282,709,
190	749,935,
191	400,769,210,823,
192	46,
193	430,
194	120,822,
195	474,868,382,
196	209,362,676,868,
197	616,787,152,559,
198	32,914,220,
199	821,
200	883,
201	232,978,107,759,
202	476,52,
203	448,49,866,952,
204	149,478,815,
205	811,214,750,335,
206	363,629,494,519,
207	882,867,46,
208	404,378,771,676,
209	793,442,979,999,
210	435,324,317,918,
211	500,
212	344,524,540,
213	640,224,722,848,
214	703,
215	288,713,645,305,
216	729,666,
217	946,532,6,375,
218	928,956,772,154,
219	605,
220	475,367,
221	433,605,847,
222	745,811,581,
223	329,653,
224	680,307,70,246,
225	81,129,
226	10,
227	90,300,223,
228	675,468,
229	626,38,
230	984,692,4,223,
231	192,333,
232	138,60,543,
233	440,971,967,
234	65,297,78,
235	525,223,
236	800,893,830,720,
237	278,415,
238	608,522,610,
239	568,593,396,500,
240	152,482,30,
241	660,39,
242	625,788,881,
243	976,
244	73,331,971,604,
245	667,676,495,
246	782,
247	198,
248	1,588,758,703,
249	304,227,615,
250	616,945,452,541,
251	960,
252	528,438,758,975,
253	448,393,832,652,
254	868,78,
255	291,702,
256	53,187,565,
257	360,432,
258	273,359,
259	388,372,36,
260	144,7,957,639,
261	96,234,999,
262	144,
263	751,
264	545,284,967,
265	419,
266	457,171,
267	754,67,797,397,
268	97,427,
269	482,835,198,631,
270	746,653,174,
271	640,45,677,
272	924,461,159,
273	345,
274	960,641,956,639,
275	285,
276	131,892,
277	232,935,464,
278	595,958,903,
279	896,536,381,
280	771,964,991,
281	726,
282	905,633,
283	38,713,474,390,
284	668,
285	539,
286	880,178,
287	736,825,163,286,
288	250,454,
289	114,501,
290	905,271,
291	838,942,
292	67,100,
293	664,9,19,124,
294	349,
295	662,
296	951,372,134,559,
297	373,
298	11,972,147,694,
299	433,116,87,809,
300	704,571,517,448,
301	992,2,301,
302	756,
303	84,847,55,
304	964,455,
305	897,993,982,895,
306	528,193,286,
307	930,18,5,23,
308	995,671,
309	322,
310	723,87,103,
311	362,134,558,
312	19,
313	624,
314	38,553,306,86,
315	994,
316	479,933,370,623,
317	408,875,
318	8,276,349,222,
319	480,88,965,278,
320	936,
321	138,907,798,
322	443,172,431,
323	636,
324	561,
325	632,0,
326	812,
327	445,
328	630,
329	873,364,
330	232,820,741,927,
331	472,
332	241,540,
333	727,
334	151,994,228,423,
335	154,805,535,
336	387,
337	577,115,319,575,
338	978,
339	920,378,79,463,
340	992,257,988,
341	626,926,430,366,
342	713,367,622,399,
343	264,185,181,134,
344	130,228,205,
345	336,1,706,643,
346	713,411,
347	256,889,460,487,
348	936,930,515,
349	593,605,421,343,
350	426,291,234,107,
351	307,
352	280,
353	241,427,745,631,
354	610,27,
355	644,820,421,590,
356	248,750,254,
357	569,693,878,
358	512,
359	648,68,741,
360	680,458,66,13,
361	664,68,221,750,
362	679,
363	136,514,
364	377,
365	9,274,261,
366	417,629,718,87,
367	426,45,
368	633,698,595,198,
369	98,251,268,757,
370	690,926,798,
371	456,
372	130,766,154,
373	885,743,
374	619,830,79,
375	72,906,371,502,
376	844,
377	826,29,
378	648,
379	689,958,
380	257,718,
381	611,
382	916,501,
383	866,67,135,
384	139,421,
385	906,579,686,
386	670,270,871,
387	889,404,327,
388	262,
389	90,284,229,318,
390	579,268,
391	226,60,
392	872,505,393,935,
393	980,
394	521,858,46,
395	817,138,887,
396	489,619,
397	176,771,708,510,
398	181,126,
399	153,550,223,
400	973,485,
401	984,904,174,
402	184,164,399,
403	905,795,942,
404	305,567,
405	175,
406	572,942,719,
407	473,
408	278,
409	259,
410	656,722,20,494,
411	987,
412	450,652,439,
413	953,252,625,916,
414	27,627,356,437,
415	794,
416	698,852,
417	837,
418	8,0,112,
419	173,
420	69,
421	770,11,650,207,
422	162,849,138,
423	489,481,909,
424	962,460,
425	701,
426	416,18,770,
427	665,473,924,151,
428	937,53,671,
429	705,730,261,733,
430	280,955,
431	922,77,717,
432	75,
433	197,484,941,454,
434	621,399,
435	987,652,631,
436	240,249,134,839,
437	606,670,79,
438	937,710,671,
439	648,412,
440	570,230,
441	658,375,
442	322,795,679,
443	920,449,
444	350,916,804,
445	308,245,447,
446	369,
447	33,42,499,885,
448	608,625,954,982,
449	219,861,
450	777,902,30,
451	904,771,589,
452	632,609,347,566,
453	265,898,548,22,
454	232,585,822,326,
455	96,131,92,302,
456	491,
457	609,204,820,
458	593,242,428,
459	369,989,
460	194,
461	380,
462	977,210,234,
463	904,
464	160,733,717,
465	928,889,344,84,
466	936,169,
467	880,42,816,959,
468	82,114,
469	721,
470	585,445,553,
471	953,227,652,997,
472	988,484,797,
473	525,901,957,
474	542,
475	136,179,774,
476	460,614,71,
477	563,565,
478	449,319,
479	184,609,823,
480	436,933,
481	120,948,630,84,
482	514,141,862,343,
483	18,490,319,
484	450,715,
485	361,
486	123,555,
487	514,709,
488	114,564,918,
489	864,0,
490	624,450,142,
491	513,844,
492	805,549,
493	529,436,271,
494	602,877,142,410,
495	250,139,691,
496	434,908,66,
497	129,962,506,662,
498	880,369,107,
499	42,988,885,
500	465,382,
501	656,857,60,
502	666,
503	298,980,861,966,
504	368,714,450,6,
505	405,726,
506	902,828,221,909,
507	489,155,535,
508	192,29,
509	980,
510	463,
511	993,582,638,799,
512	603,676,725,758,
513	368,
514	649,818,347,845,
515	840,291,638,
516	570,18,
517	156,882,580,182,
518	683,44,20,22,
519	611,177,994,819,
520	9,284,
521	223,827,662,431,
522	593,491,895,983,
523	297,357,
524	433,626,316,276,
525	498,164,12,
526	409,763,262,551,
527	245,
528	131,365,
529	162,893,
530	393,
531	430,
532	561,523,454,
533	273,43,127,
534	394,859,326,
535	302,46,
536	32,590,631,
537	104,386,
538	667,423,
539	904,690,827,
540	356,284,
541	42,511,366,807,
542	874,399,
543	600,671,
544	566,
545	663,
546	841,362,604,821,
547	248,914,238,
548	664,32,746,
549	114,858,790,
550	296,3,101,995,
551	704,818,762,
552	208,800,
553	392,877,935,
554	825,442,
555	776,732,719,
556	248,826,618,
557	985,165,855,
558	96,538,966,631,
559	504,
560	956,901,446,
561	889,413,
562	154,869,118,
563	193,207,
564	336,699,398,
565	546,
566	116,897,660,
567	184,522,538,243,
568	369,
569	132,
570	757,
571	344,
572	171,
573	785,858,757,790,
574	723,262,
575	876,133,
576	441,204,613,
577	153,
578	451,327,551,
579	283,892,335,
580	200,132,551,
581	49,
582	307,
583	833,317,
584	990,
585	520,355,124,766,
586	616,673,
587	738,771,438,
588	36,
589	655,645,511,
590	666,836,
591	241,
592	163,
593	922,783,
594	676,
595	970,411,370,
596	96,315,86,
597	307,590,
598	218,66,332,293,
599	497,
600	635,335,
601	216,3,516,47,
602	296,969,
603	552,
604	24,718,
605	777,301,343,
606	756,796,879,
607	25,250,
608	153,138,132,
609	24,289,444,
610	729,434,293,951,
611	352,
612	435,643,
613	790,
614	667,
615	690,27,727,
616	587,204,365,
617	228,95,
618	346,
619	863,
620	696,833,415,
621	660,
622	386,
623	881,
624	289,331,836,821,
625	938,211,
626	139,517,374,
627	288,176,935,
628	430,718,846,
629	607,
630	984,194,29,167,
631	956,103,
632	450,527,422,23,
633	864,
634	969,724,957,567,
635	956,651,484,
636	161,613,
637	164,287,
638	907,676,93,
639	627,
640	633,898,279,
641	115,367,
642	921,567,
643	975,
644	235,436,
645	616,670,766,
646	504,
647	243,
648	48,
649	266,615,
650	505,798,545,
651	768,734,663,
652	512,468,
653	144,161,108,151,
654	368,329,685,881,
655	3,
656	197,510,502,
657	108,444,195,884,
658	871,
659	127,406,407,
660	328,377,643,350,
661	979,421,
662	64,
663	523,52,
664	308,
665	472,346,
666	443,973,
667	873,42,26,
668	146,979,709,
669	634,
670	776,533,846,855,
671	238,
672	105,651,703,
673	234,
674	245,695,
675	350,
676	816,414,
677	523,340,661,707,
678	320,792,850,434,
679	534,
680	637,
681	883,276,621,598,
682	323,814,
683	944,94,
684	521,419,361,
685	776,521,193,
686	9,671,
687	171,
688	979,
689	131,340,
690	401,541,685,798,
691	42,246,30,
692	441,145,20,
693	821,
694	866,215,
695	808,851,679,
696	104,897,
697	356,909,
698	336,539,511,
699	336,293,
700	396,938,572,44,
701	76,
702	224,492,580,765,
703	704,878,163,459,
704	53,
705	52,
706	996,
707	657,665,85,711,
708	629,925,630,
709	309,269,663,
710	416,329,962,403,
711	272,75,402,475,
712	400,753,108,
713	696,684,
714	475,724,582,
715	676,988,564,703,
716	702,
717	461,651,333,
718	409,397,671,
719	768,603,398,
720	409,559,
721	35,84,590,519,
722	531,
723	885,
724	777,83,478,230,
725	392,762,63,
726	332,
727	744,64,595,104,
728	605,
729	537,661,
730	748,999,
731	9,
732	1,404,366,
733	584,947,
734	956,28,
735	506,452,397,
736	409,946,228,534,
737	200,401,497,7,
738	723,564,
739	140,636,495,
740	173,645,
741	83,227,28,477,
742	520,40,909,
743	4,165,
744	924,127,
745	392,
746	981,713,241,278,
747	537,135,
748	228,631,
749	915,365,
750	787,468,
751	648,331,629,
752	307,171,907,877,
753	914,332,
754	516,982,
755	432,322,306,437,
756	986,658,241,157,
757	609,
758	732,524,430,263,
759	752,
760	808,601,858,454,
761	282,703,
762	538,459,412,
763	742,
764	0,
765	587,251,197,943,
766	788,
767	269,
768	657,185,461,815,
769	730,831,
770	581,397,
771	462,
772	244,
773	115,193,835,972,
774	601,90,751,
775	656,756,750,199,
776	545,305,
777	300,703,
778	760,457,
779	867,676,
780	43,708,
781	161,818,244,
782	968,351,
783	99,
784	17,426,702,
785	352,753,722,695,
786	202,485,
787	924,893,
788	129,582,
789	986,
790	706,235,
791	656,132,684,796,
792	960,490,110,
793	49,698,803,949,
794	402,266,892,
795	464,192,
796	570,83,238,903,
797	914,924,165,
798	529,274,956,
799	895,
800	184,682,18,665,
801	944,94,393,470,
802	840,171,
803	614,
804	195,
805	880,
806	81,345,227,
807	112,267,716,995,
808	544,
809	472,10,804,335,
810	393,123,
811	540,311,661,599,
812	888,684,614,
813	176,809,86,543,
814	208,113,59,987,
815	265,481,959,431,
816	241,79,
817	343,
818	824,
819	682,554,59,735,
820	648,601,308,
821	313,717,574,351,
822	503,844,324,95,
823	485,146,581,
824	346,892,685,
825	10,227,157,
826	938,867,492,
827	218,623,327,103,
828	360,787,20,871,
829	942,455,
830	521,52,
831	970,523,
832	908,554,427,364,
833	725,611,277,254,
834	52,
835	854,
836	44,461,
837	810,
838	113,146,933,182,
839	529,
840	240,621,
841	836,693,
842	151,991,
843	764,
844	472,3,852,
845	75,147,
846	688,
847	912,
848	848,611,965,671,
849	227,431,
850	55,44,709,799,
851	979,
852	689,185,
853	958,
854	874,
855	499,244,
856	152,795,427,245,
857	426,46,
858	42,
859	857,569,200,
860	896,618,637,319,
861	755,796,
862	195,676,870,
863	258,429,
864	552,801,748,721,
865	144,293,988,376,
866	385,
867	522,475,
868	593,42,547,59,
869	398,
870	751,102,143,
871	908,
872	556,206,687,
873	162,515,206,
874	352,
875	59,
876	721,
877	168,346,167,
878	323,475,767,
879	550,
880	274,335,
881	400,611,
882	883,555,987,955,
883	376,0,266,
884	80,
885	412,660,644,
886	52,525,
887	408,954,246,
888	552,547,
889	946,2,498,766,
890	290,452,628,159,
891	890,173,
892	864,
893	146,875,564,631,
894	35,23,
895	360,107,483,406,
896	60,895,
897	753,244,97,
898	72,970,333,
899	379,818,82,477,
900	989,
901	24,
902	872,2,363,360,
903	329,467,252,
904	474,524,149,
905	800,127,424,743,
906	732,623,
907	480,348,
908	361,226,617,
909	616,
910	644,222,54,239,
911	585,455,
912	552,769,
913	508,52,
914	785,547,485,
915	602,860,310,
916	984,59,872,955,
917	144,657,396,470,
918	65,469,214,
919	97,
920	667,460,244,191,
921	884,964,580,
922	337,348,757,902,
923	313,227,774,303,
924	436,989,70,79,
925	534,
926	201,212,
927	698,627,454,
928	280,425,845,662,
929	75,58,371,190,
930	698,562,886,919,
931	417,924,117,902,
932	457,
933	162,701,
934	656,345,922,
935	944,
936	851,131,502,
937	56,394,447,
938	883,203,516,703,
939	449,283,780,
940	656,947,533,950,
941	713,314,924,485,
942	59,38,
943	676,405,
944	944,714,290,741,
945	312,213,830,751,
946	490,260,765,
947	797,93,
948	97,930,405,382,
949	770,
950	201,506,143,
951	505,210,229,
952	218,
953	554,82,
954	132,58,204,
955	896,
956	854,
957	340,774,
958	868,
959	802,
960	240,715,620,413,
961	44,
962	664,877,374,
963	825,835,446,
964	561,66,
965	731,343,
966	849,866,803,981,
967	936,818,902,686,
968	199,804,309,437,
969	648,54,685,918,
970	620,
971	128,571,963,53,
972	560,37,
973	974,
974	940,
975	864,741,
976	744,
977	192,880,
978	293,613,
979	89,403,
980	570,
981	90,126,
982	112,628,
983	656,
984	930,246,927,
985	258,284,
986	584,487,
987	897,101,94,
988	97,666,
989	552,46,
990	280,153,198,407,
991	738,
992	616,49,21,
993	713,420,141,199,
994	640,868,896,398,
995	761,730,310,
996	437,
997	225,173,838,297,
998	289,723,884,109,
999	856,80,867,479,
1000	767,
1001	249,707,931,582,
1002	449,542,247,
1003	915,
1004	246,
1005	489,882,989,183,
1006	949,
1007	217,412,973,943,
1008	195,76,715,
1009	730,748,965,
1010	337,69,
1011	584,429,
1012	468,220,820,
1013	338,390,626,
1014	929,719,465,767,
1015	272,884,
1016	76,430,
1017	783,860,669,591,
1018	314,183,
1019	233,892,941,
1020	465,330,307,751,
1021	8,882,723,134,
1022	68,871,
1023	433,972,85,
1024	321,213,398,825,
1025	161,803,982,703,
1026	985,667,
1027	376,867,443,
1028	482,603,387,85,
1029	553,667,221,895,
1030	434,140,
1031	383,
1032	944,281,84,254,
1033	440,
1034	797,206,
1035	877,318,
1036	250,842,453,7,
1037	633,439,
1038	848,841,859,783,
1039	386,907,172,707,
1040	960,327,
1041	120,256,402,238,
1042	538,739,773,
1043	825,646,
1044	394,899,
1045	796,
1046	272,986,88,477,
1047	121,666,
1048	768,3,18,600,
1049	592,204,604,
1050	977,921,28,548,
1051	941,822,279,
1052	424,530,
1053	119,
1054	148,717,
1055	264,654,
1056	284,181,
1057	452,335,
1058	840,745,283,911,
1059	123,399,
1060	295,
1061	432,785,
1062	651,
1063	897,515,
1064	352,
1065	321,529,252,
1066	889,354,390,327,
1067	320,761,796,952,
1068	388,370,588,71,
1069	504,537,637,263,
1070	268,
1071	771,450,899,390,
1072	666,475,
1073	40,387,469,959,
1074	561,986,
1075	408,800,556,
1076	11,31,
1077	177,529,
1078	457,436,613,398,
1079	24,373,
1080	680,125,663,
1081	192,409,132,741,
1082	9,385,
1083	666,949,5,999,
1084	672,638,95,
1085	9,330,51,660,
1086	801,260,
1087	655,403,192,703,
1088	729,778,
1089	185,748,76,559,
1090	434,
1091	370,668,
1092	964,780,782,
1093	754,
1094	329,300,36,
1095	905,562,439,
1096	722,19,
1097	818,220,493,782,
1098	458,554,107,564,
1099	478,
1100	922,578,
1101	530,614,862,823,
1102	561,669,798,
1103	728,481,189,469,
1104	552,352,
1105	919,314,574,679,
1106	471,
1107	2,771,
1108	19,203,766,
1109	288,914,637,806,
1110	830,
1111	609,476,805,430,
1112	585,122,724,
1113	712,937,338,849,
1114	824,289,729,326,
1115	988,
1116	928,
1117	977,74,
1118	465,
1119	282,878,394,
1120	992,716,76,
1121	960,807,
1122	34,
1123	528,810,707,198,
1124	442,924,390,
1125	373,
1126	59,845,
1127	880,786,
1128	134,
1129	648,
1130	938,
1131	227,76,
1132	376,305,4,167,
1133	626,
1134	357,
1135	252,767,
1136	989,473,597,461,
1137	210,103,
1138	307,788,
1139	594,
1140	394,988,
1141	784,412,
1142	424,418,767,
1143	139,615,79,455,
1144	848,539,
1145	849,418,846,
1146	412,612,197,
1147	622,
1148	449,
1149	945,317,
1150	762,260,863,
1151	339,540,845,751,
1152	546,871,982,831,
1153	88,
1154	268,
1155	656,577,44,472,
1156	861,
1157	904,24,398,
1158	817,978,308,1,
1159	139,855,
1160	696,828,484,
1161	176,99,700,535,
1162	529,
1163	954,13,468,973,
1164	23,
1165	498,28,
1166	346,
1167	626,
1168	258,204,382,
1169	697,370,939,122,
1170	735,339,580,487,
1171	687,
1172	425,596,205,30,
1173	349,686,
1174	787,451,
1175	544,
1176	674,716,439,
1177	642,67,61,
1178	800,194,112,13,
1179	482,731,923,
1180	827,
1181	840,
1182	560,651,405,
1183	150,277,358,
1184	266,205,
1185	707,612,941,343,
1186	932,
1187	959,
1188	97,580,
1189	234,
1190	618,2,598,
1191	560,474,723,479,
1192	49,628,223,
1193	733,
1194	448,546,526,
1195	577,929,
1196	830,498,782,895,
1197	466,
1198	379,643,
1199	625,69,765,
1200	801,851,5,911,
1201	62,
1202	49,
1203	807,
1204	417,139,188,887,
1205	322,677,
1206	878,291,781,926,
1207	340,445,38,
1208	875,723,957,
1209	826,684,244,783,
1210	473,61,78,623,
1211	385,339,934,223,
1212	993,775,
1213	312,220,356,647,
1214	593,610,134,138,
1215	937,967,
1216	939,294,
1217	674,787,93,239,
1218	824,238,590,215,
1219	760,797,285,295,
1220	750,934,471,
1221	401,6,
1222	851,618,787,100,
1223	789,30,
1224	792,98,383,
1225	788,
1226	647,409,173,575,
1227	686,734,
1228	656,305,352,456,
1229	881,35,
1230	840,775,
1231	954,
1232	560,
1233	297,307,325,
1234	673,35,101,15,
1235	929,83,588,
1236	840,707,726,
1237	946,245,
1238	53,270,
1239	391,306,151,
1240	145,82,757,
1241	480,665,250,632,
1242	300,309,783,
1243	689,642,
1244	946,643,
1245	794,691,
1246	999,555,901,423,
1247	540,
1248	872,385,196,
1249	578,484,244,
1250	971,847,
1251	448,544,119,
1252	424,487,
1253	721,405,806,783,
1254	18,619,829,
1255	548,
1256	393,
1257	98,290,438,399,
1258	384,755,766,
1259	13,842,66,317,
1260	64,846,190,246,
1261	576,801,921,6,
1262	858,739,917,
1263	720,372,
1264	169,742,
1265	842,123,596,358,
1266	880,969,811,591,
1267	834,931,524,943,
1268	749,
1269	979,198,
1270	792,331,684,244,
1271	656,249,94,
1272	44,
1273	272,
1274	782,
1275	891,
1276	187,238,271,
1277	244,934,
1278	673,
1279	974,39,
1280	118,
1281	15,
1282	109,
1283	194,522,969,842,
1284	161,66,
1285	90,
1286	3,
1287	58,
1288	843,38,
1289	138,955,429,
1290	963,879,31,
1291	890,44,
1292	134,
1293	426,202,
1294	573,
1295	81,481,975,
1296	423,
1297	236,870,
1298	396,
1299	193,802,842,159,
1300	480,823,
1301	264,770,
1302	722,
1303	809,978,783,
1304	472,803,427,804,
1305	121,
1306	497,403,542,
1307	112,353,851,719,
1308	696,519,
1309	183,
1310	904,654,207,
1311	76,
1312	311,
1313	680,833,753,
1314	814,951,
1315	977,284,
1316	508,
1317	498,493,
1318	539,
1319	41,427,347,965,
1320	885,
1321	57,29,
1322	497,901,206,
1323	272,939,236,421,
1324	115,44,947,615,
1325	274,604,
1326	482,308,894,
1327	349,790,751,
1328	752,
1329	723,
1330	121,486,
1331	409,385,
1332	977,
1333	796,261,519,
1334	345,27,974,510,
1335	148,236,807,
1336	836,
1337	841,49,314,
1338	912,502,823,
1339	690,
1340	392,12,669,22,
1341	603,741,270,
1342	474,178,901,982,
1343	905,740,
1344	506,484,
1345	820,557,
1346	40,281,826,902,
1347	328,789,918,
1348	18,293,15,
1349	229,99,340,781,
1350	528,10,508,200,
1351	816,129,934,
1352	641,942,
1353	12,
1354	377,354,685,975,
1355	571,678,279,
1356	181,126,
1357	226,858,762,31,
1358	132,484,910,695,
1359	585,173,
1360	144,94,
1361	659,
1362	592,166,519,
1363	881,981,
1364	971,126,
1365	616,545,175,
1366	782,
1367	810,
1368	290,58,342,
1369	400,569,378,182,
1370	656,745,94,
1371	825,887,
1372	624,2,111,247,
1373	137,987,
1374	205,393,269,597,
1375	854,
1376	525,
1377	582,
1378	88,98,356,127,
1379	130,818,245,278,
1380	248,944,271,
1381	306,699,301,62,
1382	550,
1383	746,893,22,
1384	921,930,403,13,
1385	851,92,902,343,
1386	761,517,215,
1387	747,
1388	531,
1389	880,285,727,
1390	803,302,
1391	600,877,
1392	533,126,
1393	513,75,509,
1394	360,379,758,
1395	467,
1396	894,
1397	121,505,782,
1398	217,683,815,
1399	910,
1400	705,908,727,
1401	294,5,102,247,
1402	21,
1403	393,275,
1404	376,267,614,
1405	82,
1406	800,584,691,175,
1407	563,275,390,
1408	725,986,173,
1409	611,22,559,
1410	874,327,
1411	530,709,
1412	568,953,616,
1413	529,402,12,
1414	379,934,
1415	441,698,395,604,
1416	152,556,358,
1417	586,
1418	561,491,
1419	221,449,315,453,
1420	107,398,719,
1421	890,94,
1422	752,954,666,
1423	630,309,110,
1424	195,804,820,
1425	857,212,607,
1426	483,156,509,903,
1427	862,
1428	914,375,
1429	148,126,
1430	679,729,950,375,
1431	768,56,235,295,
1432	978,708,879,
1433	113,390,902,
1434	984,945,829,717,
1435	675,500,20,
1436	498,147,
1437	204,788,294,
1438	225,123,517,
1439	746,
1440	872,449,189,
1441	353,
1442	250,463,
1443	197,842,771,829,
1444	280,
1445	39,
1446	224,66,102,
1447	856,958,959,
1448	890,116,
1449	625,218,493,
1450	254,799,
1451	923,77,430,287,
1452	344,
1453	32,715,191,
1454	569,663,
1455	497,261,1,
1456	976,460,23,487,
1457	104,413,486,759,
1458	116,
1459	125,
1460	977,690,516,702,
1461	929,417,967,
1462	72,210,629,502,
1463	294,710,118,157,
1464	355,468,
1465	840,979,238,720,
1466	733,778,493,
1467	366,
1468	210,371,111,647,
1469	488,739,376,
1470	537,
1471	748,974,
1472	345,110,
1473	133,607,
1474	193,542,
1475	24,85,501,311,
1476	547,
1477	217,117,1,487,
1478	377,642,430,790,
1479	217,702,253,654,
1480	496,375,
1481	610,622,231,
1482	848,159,960,
1483	864,13,
1484	128,130,43,
1485	809,723,977,310,
1486	988,174,
1487	17,882,875,659,
1488	984,746,101,
1489	606,479,
1490	474,387,
1491	433,545,555,734,
1492	945,342,
1493	408,459,966,
1494	339,491,436,662,
1495	978,748,252,546,
1496	529,399,
1497	897,810,149,957,
1498	684,
1499	793,
1500	600,534,
1501	970,
1502	801,961,
1503	712,380,333,
1504	624,
1505	944,257,
1506	75,427,692,38,
1507	385,
1508	481,911,
1509	848,
1510	336,780,
1511	885,63,
1512	929,244,919,
1513	930,
1514	508,596,
1515	601,499,791,
1516	938,
1517	737,650,670,
1518	941,382,
1519	530,839,
1520	256,191,222,463,
1521	482,195,861,831,
1522	321,977,179,985,
1523	435,
1524	601,697,707,
1525	394,
1526	981,
1527	888,313,320,
1528	177,266,718,
1529	406,
1530	240,354,436,
1531	469,
1532	985,962,357,466,
1533	728,856,735,
1534	24,
1535	509,
1536	737,722,972,430,
1537	385,42,729,446,
1538	648,781,
1539	85,
1540	320,993,562,75,
1541	113,767,
1542	796,693,
1543	710,
1544	583,
1545	336,328,446,
1546	168,362,96,
1547	448,799,
1548	901,
1549	648,
1550	149,
1551	810,254,
1552	58,
1553	537,578,
1554	516,
1555	961,
1556	824,218,
1557	634,411,838,494,
1558	779,291,
1559	272,874,663,
1560	3,747,915,
1561	41,
1562	221,338,576,85,
1563	817,954,204,901,
1564	968,577,218,31,
1565	168,71,
1566	95,
1567	708,
1568	533,
1569	921,98,199,
1570	848,209,
1571	345,391,
1572	821,366,
1573	328,810,
1574	185,60,
1575	515,605,
1576	522,634,99,879,
1577	762,108,741,46,
1578	513,150,614,41,
1579	904,
1580	442,759,
1581	460,998,
1582	137,
1583	617,
1584	922,899,956,
1585	689,674,
1586	34,234,575,
1587	601,181,
1588	226,111,
1589	990,
1590	992,209,529,
1591	719,
1592	358,701,726,
1593	533,
1594	987,
1595	530,887,
1596	657,62,
1597	965,462,943,
1598	556,189,
1599	640,
1600	360,
1601	107,597,
1602	441,783,
1603	394,589,
1604	841,361,543,
1605	363,934,
1606	345,330,491,302,
1607	438,
1608	568,1,511,767,
1609	569,539,212,853,
1610	297,458,530,350,
1611	362,299,364,374,
1612	308,278,367,
1613	792,976,
1614	504,41,628,
1615	368,48,540,
1616	725,663,
1617	894,
1618	981,
1619	185,134,878,
1620	233,146,435,
1621	320,
1622	812,573,318,
1623	281,162,51,78,
1624	521,962,607,
1625	460,
1626	581,
1627	248,295,
1628	781,734,23,
1629	929,427,47,
1630	17,158,
1631	29,445,910,782,
1632	378,790,887,
1633	64,769,708,84,
1634	448,954,375,
1635	699,702,14,
1636	185,38,
1637	939,742,
1638	601,715,343,975,
1639	962,371,140,502,
1640	632,836,941,
1641	793,690,
1642	179,597,670,
1643	588,
1644	761,934,
1645	757,
1646	545,709,
1647	786,772,421,743,
1648	873,5,
1649	449,996,33,
1650	301,
1651	638,
1652	579,117,575,
1653	742,
1654	10,570,43,
1655	951,
1656	118,
1657	992,963,996,
1658	397,
1659	136,351,
1660	256,834,718,894,
1661	520,
1662	806,
1663	928,752,3,392,
1664	787,909,
1665	160,469,
1666	410,453,486,
1667	35,243,972,
1668	497,
1669	887,
1670	992,467,84,
1671	777,
1672	11,757,686,367,
1673	736,435,
1674	127,
1675	975,990,534,935,
1676	472,139,637,
1677	777,
1678	449,263,383,
1679	985,149,990,
1680	208,211,940,
1681	112,735,382,743,
1682	727,818,805,421,
1683	992,35,743,
1684	361,283,701,686,
1685	456,
1686	913,43,892,766,
1687	881,387,
1688	824,264,636,112,
1689	42,131,861,
1690	304,562,711,
1691	110,812,414,534,
1692	297,310,
1693	768,283,798,998,
1694	161,
1695	250,60,
1696	888,283,812,276,
1697	850,859,676,516,
1698	594,
1699	99,
1700	297,98,21,610,
1701	162,
1702	664,164,715,972,
1703	454,703,
1704	204,998,852,
1705	360,4,
1706	132,
1707	598,758,
1708	260,
1709	504,97,169,
1710	98,43,590,
1711	228,271,
1712	998,783,
1713	43,460,
1714	992,9,54,
1715	201,493,6,7,
1716	270,
1717	816,482,636,
1718	170,751,358,14,
1719	884,67,396,
1720	761,119,
1721	163,22,
1722	993,836,15,
1723	755,155,70,743,
1724	881,685,
1725	906,651,
1726	552,436,
1727	968,
1728	373,727,
1729	926,
1730	76,
1731	787,
1732	154,
1733	74,931,810,983,
1734	466,702,
1735	344,186,787,720,
1736	689,690,147,341,
1737	457,
1738	482,
1739	408,937,942,374,
1740	801,621,877,767,
1741	916,302,423,
1742	376,273,
1743	731,653,22,445,
1744	443,860,765,
1745	371,837,669,727,
1746	641,178,661,722,
1747	841,195,87,
1748	896,
1749	296,451,836,621,
1750	128,
1751	960,829,903,
1752	810,
1753	488,156,173,925,
1754	904,797,151,
1755	714,242,462,463,
1756	497,990,342,
1757	472,393,363,213,
1758	761,983,302,777,
1759	64,524,53,711,
1760	376,477,
1761	770,
1762	546,85,
1763	420,
1764	418,388,893,631,
1765	696,992,378,286,
1766	187,
1767	736,258,427,239,
1768	460,636,989,174,
1769	570,797,142,
1770	97,583,
1771	185,646,366,727,
1772	801,755,987,590,
1773	352,469,709,830,
1774	305,163,820,879,
1775	781,643,605,135,
1776	403,
1777	720,130,82,
1778	977,750,422,758,
1779	586,667,853,95,
1780	760,889,333,669,
1781	215,591,
1782	579,68,492,871,
1783	771,339,343,7,
1784	442,357,479,
1785	418,354,
1786	600,531,772,
1787	473,689,148,407,
1788	604,719,
1789	0,
1790	713,331,863,
1791	771,
1792	697,650,180,293,
1793	322,
1794	660,52,838,303,
1795	442,101,
1796	482,267,693,
1797	777,
1798	817,653,
1799	410,493,790,
1800	876,
1801	997,430,863,
1802	765,
1803	705,805,422,39,
1804	632,
1805	858,990,
1806	829,
1807	156,796,
1808	713,350,191,
1809	721,173,
1810	185,7,78,215,
1811	870,
1812	704,963,388,
1813	944,916,
1814	881,717,766,855,
1815	980,574,423,
1816	578,
1817	554,99,387,45,
1818	297,455,903,
1819	310,
1820	569,90,380,550,
1821	814,746,725,6,
1822	274,707,332,
1823	785,605,7,
1824	113,59,709,
1825	619,817,995,
1826	256,235,589,551,
1827	326,370,565,806,
1828	69,
1829	569,
1830	620,20,415,
1831	440,489,684,540,
1832	500,286,
1833	464,35,
1834	280,5,
1835	264,283,664,
1836	312,633,578,516,
1837	896,970,890,108,
1838	560,899,980,15,
1839	865,988,311,
1840	613,701,
1841	416,274,96,214,
1842	417,413,
1843	674,
1844	492,
1845	90,3,188,36,
1846	485,
1847	656,787,198,464,
1848	729,185,
1849	265,570,559,
1850	875,
1851	592,553,746,
1852	2,225,409,795,
1853	557,
1854	16,267,
1855	434,
1856	612,998,911,
1857	565,
1858	318,
1859	241,789,885,47,
1860	841,705,959,
1861	594,830,911,
1862	394,898,567,159,
1863	385,346,788,
1864	730,140,74,
1865	572,263,
1866	225,774,71,
1867	993,268,36,511,
1868	957,981,391,
1869	230,
1870	73,933,815,
1871	272,389,
1872	840,521,578,375,
1873	314,204,
1874	217,123,
1875	465,699,233,421,
1876	635,251,
1877	437,
1878	219,
1879	366,487,
1880	590,
1881	676,438,127,
1882	712,
1883	666,
1884	107,915,831,
1885	135,
1886	880,185,677,
1887	714,194,
1888	848,536,204,
1889	979,
1890	476,653,812,
1891	167,
1892	833,906,262,991,
1893	909,
1894	136,659,54,
1895	557,
1896	778,875,676,325,
1897	937,946,969,671,
1898	707,396,284,351,
1899	450,709,
1900	249,991,491,359,
1901	310,402,356,454,
1902	888,546,111,
1903	107,
1904	176,210,86,
1905	670,
1906	216,776,123,716,
1907	248,326,139,342,
1908	858,
1909	768,743,663,
1910	328,41,586,574,
1911	163,807,
1912	544,644,
1913	128,
1914	991,
1915	140,47,711,
1916	674,
1917	256,961,925,855,
1918	297,
1919	58,62,439,
1920	432,315,
1921	634,
1922	233,
1923	747,789,46,
1924	240,
1925	970,730,251,58,
1926	37,
1927	472,34,220,
1928	432,905,
1929	40,474,
1930	996,
1931	438,
1932	571,555,
1933	17,956,28,342,
1934	394,844,
1935	426,
1936	88,290,475,
1937	512,105,36,
1938	129,
1939	490,
1940	440,587,243,
1941	512,636,
1942	538,731,
1943	161,786,17,767,
1944	169,946,
1945	712,185,942,89,
1946	138,557,453,
1947	464,594,619,
1948	584,181,
1949	512,635,188,
1950	814,95,
1951	577,771,725,
1952	993,305,
1953	337,169,554,159,
1954	301,221,886,911,
1955	765,
1956	56,608,
1957	273,147,
1958	481,
1959	812,142,
1960	289,716,
1961	942,
1962	35,215,
1963	179,206,359,
1964	842,
1965	187,125,
1966	468,796,507,
1967	81,619,
1968	346,
1969	677,
1970	436,407,
1971	495,
1972	522,557,397,199,
1973	555,620,781,454,
1974	48,155,
1975	880,515,941,
1976	16,903,
1977	272,
1978	208,760,504,
1979	982,
1980	305,781,508,997,
1981	955,195,261,
1982	980,307,651,788,
1983	504,716,208,
1984	512,504,948,301,
1985	65,282,546,70,
1986	276,853,
1987	768,771,643,478,
1988	817,18,227,
1989	445,
1990	689,261,873,
1991	65,409,537,
1992	923,341,429,527,
1993	809,502,
1994	372,
1995	280,188,
1996	461,12,300,221,
1997	589,717,79,
1998	736,251,548,709,
1999	680,250,
2000	515,
2001	465,258,47,
2002	440,439,318,279,
2003	117,383,
2004	966,
2005	602,139,
2006	889,371,
2007	424,609,
2008	673,26,
2009	699,933,
2010	553,234,303,
2011	803,
2012	57,482,404,
2013	685,
2014	646,
2015	329,379,739,
2016	498,11,198,
2017	425,874,341,
2018	953,349,
2019	877,
2020	3,371,575,
2021	681,150,
2022	352,
2023	714,
2024	73,130,204,
2025	704,815,
2026	298,645,214,31,
2027	395,459,7,
2028	348,
2029	387,92,
2030	480,99,364,44,
2031	408,546,452,212,
2032	544,803,659,534,
2033	888,284,
2034	169,815,
2035	318,
2036	231,
2037	768,586,876,
2038	15,
2039	48,353,
2040	460,381,598,863,
2041	376,131,837,
2042	963,
2043	144,795,
2044	577,795,604,7,
2045	403,44,
2046	98,373,
2047	856,331,119,
2048	160,723,772,895,
2049	792,491,564,
2050	155,
2051	10,789,221,189,
2052	470,
2053	716,469,767,
2054	613,341,582,519,
2055	149,
2056	883,
2057	295,
2058	776,459,477,351,
2059	401,443,341,
2060	633,99,30,
2061	441,330,621,
2062	19,
2063	908,343,
2064	88,772,613,
2065	844,885,766,
2066	323,887,
2067	357,437,967,
2068	352,946,197,
2069	906,357,494,
2070	872,699,804,951,
2071	144,
2072	744,745,924,903,
2073	696,105,308,
2074	272,394,676,741,
2075	51,798,
2076	555,
2077	267,289,443,237,
2078	253,813,919,
2079	994,914,619,763,
2080	223,318,591,
2081	951,74,839,
2082	528,899,237,
2083	720,115,756,494,
2084	780,757,
2085	670,159,
2086	593,996,750,239,
2087	429,
2088	1,269,
2089	392,817,2,750,
2090	264,810,870,
2091	682,483,445,311,
2092	400,205,
2093	46,174,702,638,
2094	824,874,55,
2095	924,
2096	725,324,613,623,
2097	690,594,958,759,
2098	625,339,197,111,
2099	77,
2100	950,
2101	337,804,767,
2102	634,187,757,582,
2103	226,
2104	203,516,222,607,
2105	203,749,
2106	906,
2107	896,507,396,741,
2108	24,897,86,
2109	700,
2110	801,124,638,836,
2111	176,434,428,431,
2112	444,
2113	259,847,
2114	539,621,327,
2115	952,465,
2116	160,290,191,
2117	158,407,
2118	66,
2119	769,925,742,598,
2120	716,924,
2121	297,954,614,
2122	904,85,637,
2123	264,357,
2124	379,
2125	641,710,
2126	505,194,815,
2127	581,
2128	965,823,
2129	768,49,556,
2130	139,324,733,286,
2131	27,181,
2132	337,795,124,6,
2133	408,633,489,383,
2134	73,
2135	992,257,224,
2136	832,783,
2137	606,
2138	832,771,267,333,
2139	175,450,411,911,
2140	977,677,775,
2141	519,
2142	453,
2143	24,335,
2144	97,678,
2145	681,
2146	17,660,37,926,
2147	868,
2148	344,213,
2149	259,796,687,
2150	88,114,276,300,
2151	185,931,636,77,
2152	576,57,10,823,
2153	713,630,
2154	570,495,623,
2155	212,
2156	947,
2157	336,0,277,661,
2158	448,581,399,
2159	825,492,892,957,
2160	920,683,352,
2161	441,956,796,
2162	392,45,909,
2163	587,15,967,
2164	498,411,
2165	920,467,134,
2166	986,979,454,
2167	897,522,125,
2168	267,502,
2169	727,987,380,311,
2170	454,
2171	150,270,503,
2172	988,379,332,699,
2173	376,394,495,
2174	445,
2175	480,259,
2176	498,269,
2177	395,139,165,622,
2178	557,
2179	540,
2180	242,797,926,
2181	531,
2182	570,
2183	867,938,226,
2184	195,524,621,917,
2185	753,981,
2186	881,33,
2187	913,290,685,198,
2188	481,187,755,815,
2189	687,
2190	448,249,20,654,
2191	509,508,205,
2192	440,212,500,
2193	848,651,917,
2194	680,41,421,
2195	200,
2196	869,278,991,
2197	800,192,959,
2198	856,123,387,
2199	577,
2200	712,273,604,
2201	536,770,263,
2202	115,259,628,613,
2203	964,941,572,7,
2204	475,742,311,
2205	63,
2206	513,180,
2207	887,
2208	132,
2209	881,196,
2210	401,554,916,
2211	592,393,819,
2212	649,722,
2213	733,
2214	725,
2215	583,279,
2216	318,
2217	984,83,
2218	158,
2219	688,799,
2220	367,
2221	205,790,15,
2222	321,425,921,383,
2223	999,
2224	561,
2225	315,646,
2226	704,26,212,798,
2227	256,
2228	699,375,836,71,
2229	882,767,
2230	680,
2231	312,846,389,830,
2232	488,99,639,
2233	815,
2234	296,428,109,
2235	155,
2236	441,773,
2237	160,707,5,
2238	375,791,335,
2239	537,546,154,
2240	998,
2241	81,237,
2242	256,290,459,
2243	182,510,486,
2244	42,
2245	774,
2246	233,410,403,606,
2247	875,
2248	792,553,278,750,
2249	554,318,31,
2250	377,63,885,57,
2251	387,
2252	689,667,805,
2253	752,457,
2254	873,
2255	846,
2256	626,669,726,998,
2257	249,259,108,30,
2258	33,346,551,
2259	201,927,
2260	670,815,
2261	695,
2262	976,753,408,381,
2263	737,460,465,405,
2264	315,492,999,
2265	20,518,95,
2266	762,820,327,
2267	134,
2268	409,959,
2269	648,907,
2270	460,
2271	364,
2272	865,285,974,
2273	825,418,319,
2274	897,
2275	96,355,147,
2276	224,136,917,936,
2277	946,525,396,756,
2278	356,428,
2279	218,682,925,143,
2280	817,43,68,709,
2281	192,171,893,422,
2282	491,244,270,
2283	973,
2284	288,441,198,535,
2285	497,719,819,503,
2286	153,610,895,
2287	569,282,
2288	424,264,965,
2289	602,615,
2290	233,
2291	242,
2292	624,224,
2293	140,204,324,981,
2294	555,
2295	521,931,460,381,
2296	784,114,419,775,
2297	696,201,
2298	921,961,501,
2299	672,
2300	873,762,355,
2301	852,
2302	488,785,42,
2303	293,871,
2304	665,252,861,678,
2305	40,533,532,829,
2306	11,196,38,
2307	881,
2308	325,479,
2309	420,118,415,
2310	865,906,548,461,
2311	568,427,773,
2312	550,
2313	627,148,
2314	359,
2315	398,
2316	381,
2317	160,777,172,367,
2318	977,603,741,669,
2319	51,915,750,
2320	68,685,
2321	176,496,411,299,
2322	576,122,861,582,
2323	785,
2324	625,667,15,
2325	278,
2326	794,542,
2327	552,593,250,173,
2328	211,468,470,739,
2329	197,
2330	560,498,667,14,
2331	880,
2332	48,257,853,
2333	353,66,870,95,
2334	946,
2335	552,
2336	368,
2337	193,
2338	481,
2339	32,209,319,983,
2340	827,44,703,
2341	504,217,807,575,
2342	962,292,726,367,
2343	178,243,
2344	826,772,
2345	987,789,
2346	424,541,725,
2347	797,
2348	89,17,717,
2349	494,
2350	680,
2351	502,
2352	649,532,644,817,
2353	492,45,382,
2354	928,
2355	488,47,119,
2356	568,833,990,262,
2357	576,821,
2358	89,429,
2359	304,
2360	305,724,604,451,
2361	0,746,234,615,
2362	336,766,
2363	822,369,269,142,
2364	523,
2365	640,278,
2366	160,847,175,
2367	632,465,
2368	389,
2369	744,965,535,
2370	24,269,936,
2371	307,379,588,721,
2372	64,956,
2373	220,
2374	353,996,789,
2375	792,124,206,
2376	728,577,615,
2377	835,917,486,
2378	352,809,699,
2379	250,675,991,
2380	955,76,350,479,
2381	173,
2382	717,
2383	445,141,935,
2384	817,330,
2385	450,197,222,
2386	112,753,
2387	721,323,491,194,
2388	961,
2389	737,
2390	294,
2391	929,900,524,660,
2392	568,753,882,864,
2393	269,406,
2394	697,257,910,918,
2395	211,959,
2396	531,966,
2397	901,703,
2398	320,9,75,982,
2399	3,412,675,
2400	771,900,245,
2401	367,
2402	287,
2403	522,
2404	292,845,
2405	80,497,989,798,
2406	350,245,710,
2407	80,731,574,327,
2408	105,826,894,
2409	43,299,230,
2410	131,
2411	977,947,15,
2412	884,211,131,
2413	584,
2414	842,700,76,
2415	184,143,
2416	901,
2417	22,
2418	273,530,740,241,
2419	804,
2420	805,590,
2421	414,919,
2422	289,898,693,
2423	496,255,
2424	393,171,277,
2425	968,
2426	696,921,531,363,
2427	147,
2428	908,189,
2429	604,30,519,
2430	293,430,
2431	576,528,581,
2432	888,244,397,54,
2433	585,651,158,
2434	592,596,686,
2435	47,63,
2436	233,
2437	104,108,
2438	67,925,
2439	764,159,
2440	186,890,631,
2441	41,727,79,
2442	893,686,167,
2443	474,258,956,509,
2444	112,806,878,231,
2445	408,296,269,
2446	544,487,
2447	992,116,399,
2448	212,453,343,
2449	384,150,
2450	628,
2451	912,601,437,807,
2452	732,
2453	464,88,
2454	687,539,907,39,
2455	184,293,
2456	558,
2457	907,486,
2458	306,757,370,
2459	136,193,950,440,
2460	568,777,605,142,
2461	690,387,949,882,
2462	457,660,573,847,
2463	789,845,
2464	477,
2465	721,827,
2466	154,166,
2467	953,689,805,
2468	642,787,
2469	648,717,
2470	470,
2471	908,892,285,572,
2472	360,320,460,349,
2473	553,241,
2474	616,354,602,63,
2475	112,335,
2476	809,27,
2477	760,74,302,
2478	642,
2479	624,978,759,
2480	301,11,47,583,
2481	144,977,954,505,
2482	408,907,
2483	628,893,
2484	472,129,898,3,
2485	920,
2486	217,834,746,
2487	50,654,
2488	800,975,
2489	380,
2490	388,103,
2491	241,330,662,327,
2492	474,
2493	788,
2494	818,877,
2495	840,630,968,
2496	105,803,521,
2497	443,
2498	520,873,493,
2499	791,29,661,527,
2500	582,58,574,
2501	1,714,76,677,
2502	256,249,538,747,
2503	648,621,75,989,
2504	134,
2505	257,178,75,
2506	576,725,716,144,
2507	595,427,773,
2508	594,173,
2509	58,838,
2510	681,363,
2511	51,756,828,84,
2512	501,
2513	754,508,
2514	679,164,735,
2515	69,973,
2516	505,
2517	731,93,
2518	41,703,
2519	3,358,831,
2520	992,165,
2521	949,
2522	616,
2523	312,361,434,
2524	706,893,910,
2525	696,481,13,
2526	120,241,203,201,
2527	382,596,62,
2528	124,
2529	960,
2530	776,
2531	10,
2532	8,523,
2533	201,285,
2534	879,
2535	107,211,864,
2536	218,835,997,389,
2537	388,438,630,
2538	157,
2539	712,93,630,
2540	417,315,
2541	982,
2542	785,411,62,
2543	302,628,22,455,
2544	585,527,109,263,
2545	900,
2546	34,979,651,146,
2547	616,297,738,510,
2548	449,974,703,
2549	884,525,294,
2550	969,759,134,31,
2551	897,386,
2552	594,234,
2553	184,866,840,823,
2554	963,734,
2555	249,614,
2556	345,529,136,
2557	937,
2558	721,170,509,934,
2559	342,
2560	513,874,
2561	722,675,628,
2562	889,389,558,
2563	896,300,390,
2564	337,734,
2565	259,430,23,
2566	385,923,134,
2567	176,107,923,
2568	520,425,184,31,
2569	41,
2570	504,938,709,
2571	785,211,
2572	576,57,148,879,
2573	701,
2574	17,242,628,207,
2575	824,803,
2576	954,182,6,
2577	369,418,635,
2578	523,372,766,243,
2579	9,
2580	457,12,197,604,
2581	334,
2582	289,439,
2583	707,516,109,405,
2584	552,571,771,513,
2585	834,724,
2586	992,167,
2587	525,246,183,
2588	145,770,220,
2589	609,
2590	418,772,150,
2591	42,261,934,
2592	608,410,308,423,
2593	200,571,872,246,
2594	312,395,973,
2595	235,
2596	177,967,70,767,
2597	170,858,62,
2598	824,601,762,491,
2599	345,410,119,
2600	491,103,
2601	264,194,674,15,
2602	795,870,
2603	190,
2604	993,738,588,479,
2605	861,
2606	729,947,357,734,
2607	144,369,278,
2608	192,435,21,941,
2609	994,
2610	32,
2611	313,87,
2612	735,51,68,599,
2613	124,
2614	208,172,524,
2615	422,
2616	481,170,
2617	356,
2618	146,
2619	787,
2620	633,497,
2621	897,
2622	690,866,740,128,
2623	616,
2624	496,845,447,
2625	666,751,
2626	752,930,507,996,
2627	258,133,526,
2628	693,
2629	110,
2630	794,196,
2631	730,618,213,
2632	416,323,788,243,
2633	414,
2634	465,266,473,
2635	417,
2636	377,852,302,391,
2637	473,677,
2638	868,172,508,567,
2639	461,
2640	240,841,298,879,
2641	943,
2642	890,
2643	224,106,142,
2644	3,894,
2645	384,866,116,925,
2646	825,449,
2647	165,
2648	967,
2649	709,368,365,
2650	824,563,499,820,
2651	893,
2652	191,695,566,407,
2653	292,
2654	875,795,
2655	432,283,692,
2656	504,
2657	868,
2658	219,
2659	396,
2660	74,684,621,15,
2661	131,
2662	748,133,556,
2663	313,724,708,397,
2664	512,
2665	178,573,270,
2666	675,980,
2667	157,543,
2668	273,36,549,734,
2669	771,142,
2670	405,
2671	880,187,
2672	643,
2673	160,988,197,343,
2674	145,
2675	817,682,
2676	794,
2677	764,151,
2678	324,38,
2679	192,808,28,456,
2680	8,315,483,785,
2681	294,
2682	661,
2683	488,721,
2684	404,
2685	6,671,
2686	151,
2687	120,
2688	826,566,
2689	260,524,989,582,
2690	556,
2691	281,924,173,
2692	811,531,78,
2693	760,158,
2694	446,
2695	449,557,677,
2696	835,100,381,494,
2697	720,987,126,695,
2698	634,655,
2699	298,479,191,
2700	960,401,172,440,
2701	800,273,348,
2702	163,717,62,423,
2703	786,
2704	185,609,
2705	66,638,
2706	225,44,7,
2707	72,290,
2708	761,411,510,295,
2709	913,315,
2710	664,811,964,847,
2711	156,519,
2712	91,
2713	708,189,
2714	867,623,
2715	896,52,702,
2716	45,
2717	584,469,261,14,
2718	690,294,239,
2719	504,865,327,207,
2720	797,
2721	899,
2722	145,
2723	96,781,791,
2724	329,861,447,
2725	929,423,
2726	444,
2727	807,702,623,
2728	369,491,
2729	664,819,
2730	502,
2731	374,742,
2732	595,958,686,807,
2733	20,685,
2734	98,846,
2735	338,579,
2736	623,
2737	513,254,262,695,
2738	368,106,198,
2739	473,199,
2740	805,
2741	864,241,990,374,
2742	538,995,988,766,
2743	983,586,639,
2744	176,777,290,826,
2745	105,898,893,
2746	754,
2747	918,
2748	872,335,
2749	624,560,
2750	439,
2751	953,362,266,
2752	16,598,79,
2753	336,985,
2754	614,
2755	128,798,559,
2756	705,668,525,910,
2757	945,
2758	203,549,957,
2759	421,
2760	385,403,877,687,
2761	747,
2762	385,
2763	202,
2764	362,475,599,
2765	186,173,958,
2766	550,782,
2767	795,597,645,
2768	469,
2769	84,260,860,215,
2770	125,262,685,
2771	426,563,510,
2772	648,833,401,716,
2773	648,738,918,135,
2774	857,428,981,775,
2775	963,285,342,487,
2776	467,924,717,46,
2777	354,164,
2778	354,999,
2779	626,
2780	785,
2781	806,711,
2782	309,541,
2783	816,178,964,391,
2784	536,561,840,446,
2785	32,113,
2786	391,
2787	89,165,
2788	763,501,
2789	432,306,472,919,
2790	82,819,558,559,
2791	101,989,262,
2792	152,817,
2793	513,426,
2794	82,726,
2795	306,452,694,
2796	25,
2797	779,765,702,
2798	741,988,525,
2799	265,927,
2800	733,
2801	716,
2802	137,101,797,575,
2803	809,115,126,782,
2804	689,10,330,638,
2805	144,
2806	195,732,
2807	238,
2808	809,564,493,
2809	627,356,
2810	978,557,605,77,
2811	20,501,558,
2812	371,812,
2813	776,147,540,837,
2814	65,972,54,239,
2815	461,878,
2816	241,91,
2817	165,
2818	393,50,547,596,
2819	536,
2820	184,169,525,263,
2821	343,566,623,
2822	473,985,237,358,
2823	600,
2824	890,629,662,
2825	276,694,238,790,
2826	500,
2827	347,219,661,
2828	810,124,557,230,
2829	840,988,166,
2830	55,469,79,
2831	988,174,223,
2832	989,68,541,791,
2833	720,
2834	96,428,
2835	403,628,596,
2836	108,548,
2837	834,683,198,
2838	81,98,595,5,
2839	689,261,
2840	810,549,150,759,
2841	5,
2842	733,
2843	872,403,861,670,
2844	625,685,527,
2845	26,251,223,
2846	770,836,741,
2847	640,481,678,
2848	200,
2849	272,283,85,
2850	632,260,71,
2851	856,369,611,
2852	224,377,242,303,
2853	92,
2854	632,
2855	424,410,570,
2856	772,575,
2857	224,497,114,777,
2858	472,492,893,982,
2859	236,
2860	858,823,871,
2861	729,667,139,659,
2862	97,530,
2863	811,970,651,892,
2864	378,322,
2865	396,323,500,
2866	216,92,608,391,
2867	66,274,477,638,
2868	304,793,268,853,
2869	904,5,
2870	729,923,643,588,
2871	97,
2872	362,
2873	272,514,524,445,
2874	11,
2875	233,939,102,
2876	642,107,604,
2877	640,557,
2878	600,948,136,767,
2879	744,108,
2880	576,371,302,
2881	179,814,
2882	627,
2883	255,388,757,175,
2884	149,
2885	0,139,396,166,
2886	880,145,
2887	192,715,790,
2888	613,
2889	209,
2890	872,835,205,251,
2891	568,486,
2892	824,204,
2893	640,67,920,467,
2894	930,681,346,747,
2895	728,125,
2896	825,331,447,
2897	100,
2898	513,850,19,97,
2899	954,615,702,839,
2900	729,484,39,
2901	861,479,
2902	912,718,
2903	310,
2904	872,706,884,919,
2905	598,
2906	737,274,316,437,
2907	872,189,
2908	616,76,813,
2909	496,89,317,934,
2910	224,894,
2911	903,
2912	952,236,
2913	802,227,
2914	868,
2915	885,886,
2916	601,211,300,559,
2917	816,697,846,
2918	506,484,102,39,
2919	473,969,
2920	860,991,
2921	951,
2922	408,298,651,709,
2923	684,748,
2924	200,61,
2925	965,677,
2926	386,147,492,
2927	589,533,790,7,
2928	394,499,133,847,
2929	254,414,791,
2930	846,
2931	608,182,254,927,
2932	400,123,212,141,
2933	682,
2934	795,634,107,50,
2935	83,131,327,519,
2936	491,270,
2937	265,15,7,
2938	536,10,523,
2939	609,674,85,142,
2940	800,296,
2941	709,110,245,318,
2942	836,862,
2943	914,
2944	53,
2945	499,
2946	50,
2947	128,531,660,333,
2948	573,966,903,
2949	426,811,276,
2950	690,658,567,247,
2951	932,574,
2952	777,707,279,
2953	64,585,417,345,
2954	299,315,92,
2955	375,486,959,
2956	822,
2957	946,21,
2958	851,
2959	396,
2960	584,705,471,
2961	8,145,949,487,
2962	93,791,
2963	687,
2964	73,905,606,
2965	448,802,
2966	241,782,
2967	466,34,459,
2968	169,322,852,874,
2969	306,734,
2970	482,917,
2971	802,3,
2972	655,
2973	214,
2974	731,
2975	640,94,
2976	730,554,494,
2977	698,523,837,855,
2978	541,727,
2979	583,
2980	305,546,247,
2981	514,323,44,314,
2982	725,598,405,
2983	44,326,
2984	281,324,670,
2985	321,893,95,553,
2986	46,102,
2987	863,
2988	48,787,
2989	392,159,920,871,
2990	363,130,939,348,
2991	400,770,56,120,
2992	212,
2993	114,215,
2994	547,845,573,814,
2995	992,579,805,446,
2996	71,325,351,751,
2997	706,
2998	979,293,151,
2999	978,
3000	179,
3001	67,478,
3002	884,
3003	217,13,689,421,
3004	107,
3005	927,
3006	609,293,236,197,
3007	712,763,155,
3008	476,
3009	597,
3010	750,
3011	985,
3012	434,42,124,607,
3013	90,939,
3014	792,279,
3015	185,437,351,
3016	490,491,998,215,
3017	62,151,
3018	640,
3019	562,390,287,
3020	8,955,167,
3021	420,437,430,399,
3022	440,736,450,
3023	749,220,229,
3024	408,
3025	817,676,701,239,
3026	443,915,333,
3027	188,28,300,
3028	743,
3029	302,965,606,575,
3030	256,625,12,79,
3031	746,550,
3032	880,834,261,334,
3033	61,280,779,685,
3034	314,189,
3035	846,762,28,486,
3036	193,884,
3037	151,333,303,
3038	195,990,543,
3039	900,717,653,
3040	867,117,22,
3041	825,92,85,
3042	256,388,255,
3043	420,767,
3044	753,330,471,
3045	274,787,270,
3046	596,901,639,
3047	705,571,214,561,
3048	547,351,
3049	816,893,
3050	2,716,666,
3051	922,995,
3052	640,203,118,
3053	156,102,
3054	992,148,85,
3055	184,442,805,
3056	999,
3057	288,989,343,
3058	375,
3059	146,671,
3060	540,
3061	442,
3062	529,355,356,553,
3063	305,834,
3064	380,86,
3065	978,
3066	201,801,127,
3067	122,91,
3068	647,
3069	640,210,244,610,
3070	355,725,591,
3071	769,261,719,
3072	182,
3073	537,673,813,
3074	627,773,366,
3075	73,995,
3076	963,
3077	24,217,964,959,
3078	412,
3079	277,
3080	367,462,847,
3081	873,145,292,654,
3082	523,
3083	195,397,
3084	977,
3085	25,571,
3086	833,713,580,359,
3087	56,256,383,
3088	112,594,203,133,
3089	713,681,252,
3090	815,
3091	760,973,
3092	185,170,
3093	592,508,238,828,
3094	890,982,991,
3095	58,739,90,
3096	474,141,
3097	512,83,
3098	825,557,405,
3099	517,
3100	586,715,899,39,
3101	626,
3102	899,75,844,589,
3103	296,
3104	120,890,663,
3105	345,907,47,959,
3106	777,634,
3107	679,621,135,
3108	688,435,508,
3109	28,687,
3110	875,83,364,958,
3111	834,299,
3112	556,
3113	636,926,
3114	466,373,661,
3115	880,285,214,22,
3116	409,
3117	437,382,
3118	825,
3119	580,
3120	194,915,127,
3121	279,
3122	40,
3123	418,957,
3124	739,814,750,
3125	568,890,324,
3126	259,988,997,774,
3127	834,
3128	31,
3129	88,466,46,
3130	793,
3131	73,
3132	696,142,
3133	560,146,164,406,
3134	339,675,
3135	80,323,749,655,
3136	857,
3137	401,657,420,969,
3138	865,252,
3139	624,215,
3140	170,101,
3141	0,115,710,
3142	941,
3143	450,115,37,
3144	776,821,
3145	81,186,996,494,
3146	984,885,839,87,
3147	298,557,942,
3148	512,91,836,101,
3149	196,
3150	33,66,94,
3151	219,
3152	890,
3153	841,241,756,846,
3154	768,507,302,999,
3155	535,
3156	836,
3157	233,267,387,422,
3158	345,226,355,
3159	417,370,
3160	393,663,
3161	963,148,326,
3162	627,127,854,767,
3163	177,404,703,
3164	51,659,556,397,
3165	720,419,
3166	968,756,12,
3167	569,299,
3168	146,
3169	849,761,834,715,
3170	723,284,621,
3171	952,362,772,
3172	153,847,
3173	747,206,
3174	868,70,767,
3175	137,79,
3176	194,93,378,
3177	882,
3178	816,298,11,467,
3179	716,
3180	792,628,
3181	225,127,
3182	74,843,829,566,
3183	11,555,
3184	651,923,399,
3185	841,707,6,
3186	256,337,541,
3187	254,758,399,
3188	18,
3189	280,996,
3190	696,932,
3191	563,
3192	23,
3193	929,273,
3194	917,
3195	162,388,661,967,
3196	820,621,550,
3197	456,618,
3198	650,916,
3199	889,
3200	968,802,644,332,
3201	939,862,
3202	235,
3203	320,442,152,
3204	649,346,
3205	98,
3206	164,526,
3207	718,
3208	473,890,7,
3209	402,
3210	829,887,
3211	17,578,524,567,
3212	693,
3213	396,995,380,381,
3214	576,548,
3215	720,219,
3216	280,970,44,221,
3217	310,
3218	397,
3219	624,245,622,6,
3220	921,11,142,223,
3221	400,559,
3222	417,172,326,
3223	890,147,
3224	177,234,468,149,
3225	575,
3226	550,783,
3227	649,451,237,758,
3228	689,
3229	480,776,85,
3230	354,691,341,750,
3231	453,862,
3232	298,
3233	224,
3234	113,
3235	172,
3236	568,629,813,
3237	16,219,341,151,
3238	147,429,
3239	232,296,
3240	411,
3241	888,907,358,
3242	149,
3243	393,157,38,143,
3244	67,519,599,
3245	56,736,443,607,
3246	828,111,
3247	83,955,
3248	293,
3249	727,
3250	459,211,
3251	759,665,443,255,
3252	632,627,
3253	66,
3254	481,
3255	383,
3256	608,115,452,
3257	304,875,404,327,
3258	75,812,643,
3259	948,659,236,205,
3260	729,222,854,
3261	42,500,710,855,
3262	464,939,116,31,
3263	375,
3264	50,340,852,
3265	152,313,170,417,
3266	792,937,731,893,
3267	616,16,488,
3268	590,
3269	642,908,711,
3270	992,821,
3271	1,
3272	192,752,933,559,
3273	362,620,599,
3274	306,957,790,
3275	833,411,989,
3276	436,43,444,589,
3277	190,791,
3278	598,579,187,446,
3279	827,879,
3280	360,711,917,607,
3281	568,97,
3282	288,689,241,974,
3283	368,548,
3284	722,
3285	475,796,
3286	992,460,
3287	656,275,684,598,
3288	481,
3289	820,245,926,287,
3290	34,346,966,175,
3291	930,579,195,731,
3292	280,778,104,815,
3293	523,
3294	756,637,
3295	899,303,
3296	640,78,
3297	888,841,453,758,
3298	916,444,309,
3299	995,188,359,
3300	163,445,254,863,
3301	933,119,
3302	640,362,
3303	579,50,234,
3304	171,
3305	560,745,250,
3306	232,602,
3307	845,
3308	360,
3309	717,
3310	280,921,399,
3311	381,
3312	986,867,103,
3313	452,564,
3314	215,
3315	143,
3316	213,
3317	131,
3318	312,636,678,
3319	659,382,255,
3320	889,161,124,
3321	603,
3322	50,771,644,846,
3323	341,486,687,
3324	179,348,475,
3325	596,669,207,
3326	38,735,
3327	920,110,
3328	144,91,692,62,
3329	860,710,
3330	712,652,870,
3331	290,470,231,
3332	976,776,925,
3333	906,539,119,666,
3334	895,199,
3335	776,881,522,71,
3336	496,
3337	116,
3338	568,
3339	10,524,949,671,
3340	795,77,470,
3341	196,335,
3342	211,597,775,
3343	810,270,
3344	816,
3345	522,411,839,
3346	721,993,
3347	394,179,572,911,
3348	704,179,293,
3349	200,657,139,688,
3350	178,138,365,21,
3351	239,
3352	586,317,
3353	515,349,566,211,
3354	24,603,
3355	683,639,
3356	844,798,671,
3357	138,31,295,
3358	448,522,532,863,
3359	608,353,
3360	776,717,567,
3361	17,84,804,
3362	856,585,890,563,
3363	673,676,793,63,
3364	26,206,
3365	552,35,839,
3366	154,
3367	961,402,963,69,
3368	884,
3369	224,125,
3370	323,804,693,903,
3371	56,401,928,
3372	33,722,
3373	380,
3374	434,146,693,
3375	504,34,411,270,
3376	850,507,525,
3377	650,123,861,
3378	698,162,670,
3379	819,901,206,
3380	496,
3381	925,
3382	912,
3383	674,781,906,
3384	763,508,955,
3385	545,458,12,
3386	834,181,855,
3387	825,178,
3388	248,
3389	186,681,122,765,
3390	533,
3391	546,988,237,63,
3392	536,736,238,
3393	120,194,952,943,
3394	248,
3395	378,333,710,
3396	49,987,653,
3397	416,481,474,141,
3398	953,698,76,727,
3399	370,955,84,430,
3400	563,
3401	952,972,126,527,
3402	728,
3403	480,932,989,
3404	536,53,333,
3405	836,621,870,
3406	813,773,470,215,
3407	577,637,743,
3408	120,19,309,
3409	832,270,39,
3410	986,915,980,
3411	729,722,859,860,
3412	13,678,
3413	103,462,918,270,
3414	81,941,198,413,
3415	521,822,
3416	466,90,
3417	645,
3418	294,943,
3419	480,409,
3420	618,939,364,365,
3421	592,
3422	507,567,
3423	810,668,
3424	800,517,631,
3425	129,
3426	79,
3427	242,419,270,
3428	688,770,315,
3429	340,
3430	592,890,642,999,
3431	393,550,
3432	913,154,658,79,
3433	544,857,506,290,
3434	168,499,316,622,
3435	337,170,753,23,
3436	832,5,165,
3437	72,417,500,408,
3438	841,531,
3439	833,122,275,996,
3440	339,781,86,495,
3441	57,613,379,165,
3442	746,98,667,910,
3443	409,554,451,
3444	491,892,
3445	937,
3446	247,
3447	640,187,887,
3448	232,985,46,
3449	255,
3450	944,781,390,943,
3451	837,
3452	953,385,723,29,
3453	228,71,
3454	314,227,60,
3455	64,985,150,
3456	600,789,165,
3457	505,347,75,
3458	650,
3459	220,
3460	728,3,972,773,
3461	690,756,
3462	42,350,
3463	160,31,
3464	931,493,
3465	670,691,254,
3466	356,370,500,
3467	700,157,95,727,
3468	891,196,
3469	251,
3470	741,
3471	545,773,
3472	353,373,
3473	450,818,363,750,
3474	24,307,931,350,
3475	854,179,381,350,
3476	324,293,782,407,
3477	355,182,
3478	247,541,191,
3479	257,227,30,286,
3480	200,308,677,855,
3481	418,234,
3482	21,951,
3483	405,
3484	300,23,
3485	547,661,743,
3486	232,537,843,
3487	979,140,
3488	144,
3489	794,903,
3490	239,
3491	911,
3492	897,478,623,
3493	188,
3494	939,436,653,463,
3495	661,367,
3496	24,373,597,
3497	217,
3498	920,288,
3499	201,899,581,646,
3500	880,729,449,809,
3501	175,
3502	208,498,891,726,
3503	916,
3504	842,
3505	265,61,719,
3506	770,
3507	802,
3508	89,
3509	688,882,725,150,
3510	995,588,
3511	520,887,119,
3512	896,27,
3513	614,373,574,
3514	809,436,
3515	856,305,815,
3516	600,226,461,415,
3517	911,
3518	212,196,
3519	723,667,251,
3520	248,
3521	282,421,255,
3522	320,694,
3523	867,925,909,405,
3524	996,735,
3525	114,110,
3526	380,918,
3527	251,678,
3528	528,258,126,606,
3529	564,174,911,
3530	845,908,405,943,
3531	704,321,10,980,
3532	777,615,
3533	291,627,
3534	213,
3535	272,644,
3536	402,
3537	266,963,246,658,
3538	481,
3539	824,19,308,
3540	886,
3541	313,667,990,534,
3542	48,680,599,
3543	188,
3544	824,563,237,351,
3545	90,613,
3546	63,
3547	841,
3548	603,967,
3549	800,505,989,
3550	395,391,
3551	65,148,
3552	202,734,926,
3553	859,606,
3554	971,948,518,
3555	576,163,527,847,
3556	376,586,443,
3557	640,760,788,567,
3558	551,943,
3559	480,137,
3560	822,687,
3561	874,
3562	721,610,955,503,
3563	262,
3564	488,394,114,
3565	404,
3566	893,15,
3567	28,343,
3568	321,501,319,
3569	376,561,371,992,
3570	515,302,
3571	962,596,
3572	967,308,365,511,
3573	691,284,
3574	704,619,141,
3575	736,544,475,
3576	991,
3577	740,790,
3578	801,395,926,
3579	564,260,548,31,
3580	577,819,125,
3581	792,256,574,
3582	176,973,
3583	163,
3584	40,164,91,180,
3585	440,946,333,
3586	161,268,189,652,
3587	936,100,614,367,
3588	225,290,924,802,
3589	842,451,
3590	106,
3591	25,610,311,
3592	313,129,691,711,
3593	208,290,67,82,
3594	715,709,486,510,
3595	748,
3596	333,
3597	696,439,
3598	880,763,798,254,
3599	561,564,
3600	596,
3601	161,302,
3602	693,
3603	291,757,
3604	578,278,
3605	29,
3606	440,434,477,646,
3607	391,666,325,423,
3608	107,707,557,755,
3609	450,660,798,
3610	906,
3611	696,860,647,
3612	305,419,
3613	719,
3614	787,
3615	461,
3616	947,
3617	648,892,55,
3618	106,26,300,855,
3619	488,658,
3620	680,963,580,667,
3621	40,478,645,262,
3622	408,961,732,319,
3623	617,
3624	461,
3625	577,148,
3626	963,262,446,567,
3627	884,81,969,669,
3628	606,407,
3629	264,
3630	352,417,794,782,
3631	545,691,211,
3632	643,428,
3633	811,684,333,262,
3634	993,478,
3635	46,430,23,
3636	654,773,262,
3637	777,27,501,14,
3638	825,547,52,718,
3639	10,
3640	784,113,724,36,
3641	492,221,686,
3642	624,
3643	545,138,641,62,
3644	186,835,327,
3645	28,
3646	888,115,
3647	111,
3648	163,102,
3649	992,883,
3650	449,
3651	179,92,653,
3652	199,
3653	931,221,142,
3654	968,890,939,
3655	473,2,
3656	883,156,446,
3657	726,262,
3658	414,175,
3659	663,
3660	322,4,335,
3661	281,186,
3662	306,5,429,
3663	627,789,987,
3664	32,634,467,910,
3665	62,
3666	289,131,691,406,
3667	306,287,
3668	808,364,734,
3669	704,993,382,63,
3670	825,
3671	978,126,535,
3672	628,649,932,676,
3673	211,
3674	672,799,518,510,
3675	197,
3676	449,212,
3677	122,
3678	784,81,565,253,
3679	424,42,742,239,
3680	282,477,
3681	672,
3682	98,187,446,
3683	483,996,302,
3684	426,212,918,391,
3685	338,812,
3686	980,389,
3687	450,
3688	929,613,
3689	867,20,
3690	88,675,656,
3691	314,606,
3692	385,646,
3693	545,435,180,
3694	904,73,342,846,
3695	124,
3696	908,677,
3697	465,125,788,445,
3698	458,
3699	217,252,463,
3700	106,357,701,
3701	774,
3702	249,253,
3703	352,
3704	81,550,
3705	545,245,
3706	538,283,516,
3707	419,973,783,
3708	217,13,
3709	384,700,997,575,
3710	678,
3711	152,884,613,
3712	149,
3713	559,878,703,
3714	664,66,
3715	496,553,162,
3716	630,284,802,790,
3717	408,801,
3718	432,150,
3719	652,
3720	350,
3721	988,740,
3722	475,276,198,
3723	720,809,254,
3724	148,66,204,807,
3725	384,
3726	848,384,
3727	248,315,383,
3728	947,758,439,
3729	46,
3730	436,
3731	738,
3732	264,809,386,94,
3733	635,452,139,
3734	811,516,
3735	625,668,950,
3736	628,7,279,
3737	666,
3738	928,297,566,
3739	252,727,
3740	281,28,6,687,
3741	200,345,541,744,
3742	25,
3743	992,936,22,494,
3744	280,468,
3745	91,581,263,
3746	840,
3747	880,754,636,390,
3748	450,339,
3749	876,124,91,44,
3750	56,281,458,13,
3751	922,934,
3752	0,420,583,
3753	322,212,356,308,
3754	720,633,516,
3755	513,
3756	507,660,
3757	546,318,79,
3758	109,262,
3759	465,462,
3760	554,443,822,
3761	515,
3762	120,220,245,181,
3763	98,326,239,
3764	278,
3765	680,417,766,911,
3766	576,
3767	617,514,46,
3768	400,49,834,924,
3769	136,409,691,503,
3770	979,300,
3771	840,499,668,
3772	273,974,543,
3773	464,993,
3774	863,
3775	686,
3776	328,747,860,872,
3777	954,196,836,316,
3778	79,
3779	342,458,347,718,
3780	735,
3781	865,810,828,
3782	801,626,236,
3783	574,687,
3784	326,588,534,
3785	882,534,
3786	124,619,388,
3787	604,788,311,
3788	408,
3789	953,826,749,925,
3790	673,107,
3791	944,283,550,
3792	5,
3793	369,533,
3794	657,508,686,
3795	396,419,916,302,
3796	58,42,142,
3797	710,71,
3798	741,
3799	577,65,658,411,
3800	354,
3801	785,853,180,877,
3802	299,535,255,
3803	666,292,
3804	952,885,664,
3805	544,993,874,963,
3806	141,
3807	608,946,60,429,
3808	131,
3809	800,950,639,
3810	392,72,
3811	148,
3812	164,
3813	899,110,631,
3814	301,
3815	513,481,647,
3816	152,426,
3817	832,602,997,
3818	840,610,773,358,
3819	85,21,134,175,
3820	624,515,411,
3821	3,742,
3822	396,635,92,273,
3823	478,
3824	788,
3825	643,
3826	176,841,989,765,
3827	683,884,270,
3828	44,
3829	920,698,476,357,
3830	371,315,599,984,
3831	800,
3832	276,
3833	840,34,322,310,
3834	677,
3835	130,212,502,
3836	377,802,501,
3837	344,748,429,928,
3838	307,
3839	40,357,100,349,
3840	696,641,246,959,
3841	994,
3842	813,644,37,
3843	560,722,957,
3844	577,253,
3845	467,
3846	720,937,425,
3847	32,920,173,
3848	690,956,901,
3849	829,857,443,179,
3850	429,391,
3851	709,811,44,955,
3852	92,975,
3853	468,
3854	102,
3855	632,791,
3856	195,
3857	241,188,726,671,
3858	697,698,889,
3859	978,269,
3860	989,
3861	986,226,650,
3862	962,826,412,
3863	919,917,615,
3864	26,383,799,
3865	138,972,247,
3866	126,
3867	382,
3868	216,224,899,997,
3869	850,517,527,
3870	993,
3871	232,695,289,543,
3872	898,517,791,
3873	280,681,
3874	696,857,
3875	236,693,
3876	123,580,135,
3877	965,644,781,454,
3878	582,
3879	373,261,
3880	369,7,
3881	658,686,702,
3882	819,851,94,
3883	213,266,77,
3884	634,973,
3885	169,290,180,
3886	168,822,298,230,
3887	848,426,
3888	363,85,
3889	536,329,6,183,
3890	488,483,387,723,
3891	278,
3892	786,274,947,750,
3893	760,
3894	317,
3895	2,999,151,
3896	561,52,
3897	428,180,
3898	35,245,119,
3899	219,478,
3900	928,137,794,
3901	278,
3902	453,997,
3903	89,202,97,
3904	552,506,643,
3905	297,450,819,365,
3906	995,212,509,
3907	138,443,109,
3908	108,93,804,501,
3909	344,206,
3910	99,748,741,
3911	776,517,
3912	960,547,510,
3913	502,
3914	80,290,324,159,
3915	66,906,
3916	762,823,
3917	618,19,
3918	666,603,567,
3919	597,
3920	474,662,
3921	33,109,462,582,
3922	329,550,825,
3923	245,933,
3924	89,329,347,872,
3925	558,594,622,
3926	185,
3927	960,
3928	424,420,
3929	146,
3930	392,
3931	825,35,606,
3932	464,44,983,
3933	49,341,614,87,
3934	594,445,
3935	210,734,535,
3936	76,
3937	184,882,
3938	496,110,
3939	290,62,95,
3940	784,626,3,955,
3941	473,67,215,
3942	320,135,464,
3943	582,
3944	505,491,20,
3945	33,52,273,439,
3946	250,779,
3947	922,
3948	70,818,227,510,
3949	860,62,
3950	288,753,579,574,
3951	897,732,316,132,
3952	849,762,74,485,
3953	616,817,442,519,
3954	766,
3955	158,
3956	376,11,988,556,
3957	656,938,27,895,
3958	396,34,707,292,
3959	692,20,
3960	441,
3961	835,739,922,
3962	434,427,
3963	329,41,196,964,
3964	24,935,
3965	808,222,30,
3966	919,
3967	392,824,402,242,
3968	824,624,877,87,
3969	533,
3970	988,508,61,
3971	429,
3972	53,388,101,454,
3973	104,943,
3974	784,17,122,357,
3975	208,514,
3976	214,942,
3977	936,212,181,
3978	338,268,
3979	787,253,598,
3980	451,
3981	457,14,
3982	858,383,
3983	696,313,859,254,
3984	897,124,485,852,
3985	816,246,47,
3986	355,259,95,367,
3987	377,482,606,
3988	193,683,924,735,
3989	880,34,454,990,
3990	281,466,478,542,
3991	515,793,875,
3992	816,346,595,62,
3993	400,418,188,364,
3994	698,118,430,
3995	144,364,
3996	184,
3997	231,
3998	776,674,438,
3999	280,
4000	595,922,507,478,
4001	812,925,622,
4002	664,77,397,742,
4003	115,45,
4004	329,854,
4005	434,
4006	337,595,974,
4007	590,476,244,606,
4008	250,739,
4009	240,162,483,755,
4010	772,
4011	75,
4012	426,269,
4013	700,868,759,
4014	410,226,198,
4015	741,
4016	354,614,
4017	399,58,551,
4018	792,
4019	337,667,156,375,
4020	465,139,511,
4021	556,46,
4022	371,476,
4023	300,407,
4024	649,522,509,
4025	779,
4026	640,722,
4027	488,250,501,
4028	742,391,
4029	165,583,
4030	218,926,
4031	275,428,87,
4032	830,
4033	966,
4034	833,843,964,369,
4035	768,241,66,
4036	784,8,938,829,
4037	745,
4038	379,735,
4039	633,618,789,
4040	976,604,
4041	59,
4042	450,
4043	363,267,907,
4044	316,974,
4045	656,877,
4046	904,572,197,
4047	402,323,372,
4048	954,
4049	930,38,
4050	442,755,12,629,
4051	34,
4052	716,973,
4053	57,179,353,615,
4054	713,916,775,
4055	850,301,439,
4056	525,
4057	778,727,
4058	192,746,206,
4059	209,755,
4060	304,
4061	41,31,23,615,
4062	678,519,
4063	115,86,
4064	624,196,
4065	873,767,485,701,
4066	177,
4067	981,309,685,
4068	728,801,954,34,
4069	202,117,919,
4070	514,226,818,
4071	984,26,573,989,
4072	648,717,396,701,
4073	884,314,292,
4074	581,
4075	759,
4076	40,725,397,511,
4077	33,554,75,
4078	265,395,193,869,
4079	307,28,431,
4080	856,300,325,
4081	128,
4082	757,259,285,
4083	648,461,
4084	329,
4085	476,886,
4086	162,
4087	322,754,116,702,
4088	818,
4089	747,
4090	691,
4091	354,
4092	585,725,118,895,
4093	993,174,37,54,
4094	844,687,
4095	981,246,
4096	27,
4097	274,
4098	688,697,904,885,
4099	992,
4100	680,90,839,
4101	864,898,708,668,
4102	117,69,556,629,
4103	72,810,56,310,
4104	982,
4105	834,933,534,405,
4106	466,
4107	697,962,545,
4108	808,148,596,767,
4109	25,466,791,279,
4110	361,51,
4111	6,
4112	816,285,342,
4113	936,514,235,844,
4114	560,
4115	84,102,599,
4116	443,678,910,
4117	532,437,975,
4118	175,
4119	396,
4120	200,540,557,968,
4121	114,247,
4122	450,586,478,
4123	229,646,181,
4124	802,581,245,933,
4125	821,492,756,
4126	425,861,526,
4127	272,
4128	997,255,
4129	282,291,
4130	824,881,292,
4131	953,204,149,
4132	442,857,897,265,
4133	546,
4134	97,761,933,830,
4135	49,714,387,494,
4136	485,
4137	808,658,575,
4138	992,58,
4139	796,229,36,
4140	720,
4141	448,913,246,289,
4142	472,371,
4143	700,213,70,
4144	209,978,702,
4145	63,
4146	960,690,627,655,
4147	160,259,197,55,
4148	698,821,
4149	9,237,54,
4150	342,255,
4151	648,274,870,919,
4152	497,
4153	432,74,
4154	808,609,416,
4155	615,
4156	787,
4157	264,376,317,
4158	298,22,
4159	144,756,573,614,
4160	848,
4161	200,19,
4162	280,705,525,
4163	627,635,
4164	83,453,47,
4165	946,5,
4166	683,132,591,
4167	958,
4168	61,
4169	313,114,284,46,
4170	317,
4171	100,74,36,
4172	71,
4173	432,
4174	606,59,718,686,
4175	744,298,427,
4176	544,746,182,
4177	800,241,862,
4178	456,121,
4179	592,706,75,
4180	807,
4181	393,43,206,
4182	241,341,
4183	219,335,
4184	523,995,907,190,
4185	953,483,556,183,
4186	624,417,
4187	565,
4188	57,234,111,447,
4189	194,538,133,146,
4190	368,178,598,823,
4191	488,298,926,
4192	826,795,380,
4193	213,
4194	898,692,
4195	344,366,
4196	302,
4197	224,876,853,254,
4198	310,
4199	985,820,517,
4200	10,602,117,
4201	315,739,415,
4202	0,889,706,726,
4203	264,164,325,903,
4204	998,
4205	167,
4206	904,834,822,
4207	752,690,
4208	466,708,
4209	722,754,786,378,
4210	539,91,
4211	72,
4212	62,
4213	116,454,
4214	732,902,
4215	491,559,
4216	99,411,783,
4217	50,515,
4218	841,169,146,234,
4219	41,193,
4220	136,916,28,223,
4221	362,
4222	245,741,
4223	816,132,120,
4224	972,
4225	285,
4226	209,411,111,
4227	551,
4228	892,238,
4229	539,926,
4230	861,438,
4231	545,188,323,884,
4232	670,
4233	602,965,
4234	64,172,230,455,
4235	83,653,173,
4236	751,967,
4237	114,246,
4238	682,419,575,
4239	377,455,459,167,
4240	827,
4241	40,124,
4242	946,314,200,
4243	521,691,663,
4244	840,
4245	153,974,
4246	217,483,540,
4247	275,271,
4248	715,853,
4249	992,561,642,810,
4250	624,
4251	321,738,
4252	577,617,711,
4253	483,
4254	182,726,
4255	869,780,268,12,
4256	733,853,926,
4257	356,877,958,
4258	494,
4259	752,298,315,4,
4260	251,
4261	33,
4262	107,587,540,
4263	7,766,831,
4264	856,587,188,
4265	625,308,573,
4266	233,292,63,
4267	940,983,
4268	968,953,11,
4269	484,813,847,
4270	408,84,599,583,
4271	55,
4272	210,118,149,790,
4273	737,259,
4274	735,
4275	40,396,221,440,
4276	544,
4277	289,874,923,71,
4278	826,350,967,
4279	129,182,
4280	160,882,
4281	907,607,
4282	332,
4283	728,272,33,
4284	115,586,219,
4285	380,54,
4286	292,
4287	939,198,606,
4288	512,239,
4289	545,
4290	619,931,494,
4291	330,743,511,
4292	297,596,
4293	699,191,
4294	747,684,
4295	291,467,917,
4296	51,
4297	120,312,533,
4298	178,602,844,
4299	328,392,598,287,
4300	652,300,865,7,
4301	237,686,391,
4302	61,702,
4303	468,244,159,
4304	804,486,351,
4305	409,795,285,422,
4306	42,
4307	191,
4308	976,435,861,981,
4309	528,635,683,165,
4310	202,323,55,
4311	963,437,790,847,
4312	48,778,387,38,
4313	583,
4314	458,
4315	38,
4316	917,694,303,
4317	304,401,193,
4318	897,866,
4319	687,
4320	523,302,
4321	339,669,614,295,
4322	104,697,804,823,
4323	722,900,670,583,
4324	816,867,276,
4325	32,446,671,
4326	172,110,
4327	222,
4328	779,885,
4329	253,567,
4330	8,819,376,71,
4331	16,187,
4332	537,37,
4333	198,597,93,870,
4334	521,180,860,
4335	706,413,214,230,
4336	728,841,134,
4337	546,491,878,
4338	915,
4339	9,
4340	842,923,261,990,
4341	257,890,
4342	32,513,147,540,
4343	946,903,
4344	785,330,490,964,
4345	566,
4346	99,
4347	151,
4348	579,91,375,903,
4349	281,
4350	93,876,37,
4351	144,929,346,253,
4352	299,
4353	449,941,
4354	936,841,902,
4355	110,431,
4356	932,254,
4357	483,572,509,727,
4358	642,444,583,
4359	330,
4360	301,333,78,
4361	121,187,127,
4362	561,434,541,870,
4363	689,
4364	168,885,
4365	773,447,
4366	163,982,
4367	848,
4368	199,362,103,
4369	240,877,
4370	842,251,471,
4371	806,215,
4372	736,676,5,622,
4373	192,
4374	226,861,734,
4375	689,
4376	297,970,
4377	472,488,616,734,
4378	84,710,878,
4379	66,579,468,
4380	433,594,148,853,
4381	643,
4382	164,815,127,
4383	236,
4384	819,436,588,47,
4385	531,247,
4386	354,931,676,37,
4387	447,555,935,687,
4388	689,811,765,
4389	732,316,
4390	729,870,638,
4391	63,493,38,239,
4392	512,301,
4393	23,
4394	272,788,551,
4395	137,28,455,
4396	554,43,332,
4397	797,927,
4398	841,322,823,
4399	141,
4400	38,673,331,846,
4401	490,118,
4402	592,159,
4403	106,75,55,
4404	85,
4405	233,
4406	769,
4407	992,705,797,262,
4408	318,199,
4409	297,261,
4410	215,470,935,
4411	380,198,
4412	893,
4413	920,521,
4414	129,164,12,494,
4415	775,
4416	99,811,846,
4417	779,709,
4418	586,
4419	115,539,444,910,
4420	987,308,567,
4421	882,155,102,
4422	777,109,
4423	488,418,395,278,
4424	285,166,
4425	713,
4426	145,642,143,
4427	25,374,
4428	632,160,
4429	16,978,712,642,
4430	424,119,62,839,
4431	888,188,509,415,
4432	496,622,427,662,
4433	624,522,132,34,
4434	466,346,316,573,
4435	234,523,988,316,
4436	448,732,334,836,
4437	640,203,341,974,
4438	997,
4439	264,445,
4440	216,131,
4441	973,370,469,542,
4442	144,281,650,
4443	361,642,899,503,
4444	242,715,869,
4445	329,12,
4446	579,
4447	793,
4448	628,884,624,
4449	107,
4450	912,129,334,
4451	841,826,76,
4452	40,915,411,
4453	993,83,645,
4454	746,266,805,
4455	45,479,
4456	354,455,
4457	836,
4458	761,371,43,
4459	294,515,54,223,
4460	408,19,84,
4461	136,171,487,
4462	830,
4463	35,
4464	506,
4465	152,828,421,
4466	642,67,
4467	140,141,726,758,
4468	745,634,675,451,
4469	182,454,
4470	211,556,
4471	575,
4472	792,
4473	59,332,989,596,
4474	93,
4475	675,
4476	283,573,974,271,
4477	738,
4478	354,619,
4479	336,19,788,
4480	394,651,
4481	208,162,951,
4482	826,260,85,406,
4483	176,
4484	721,
4485	795,812,47,263,
4486	620,149,
4487	515,283,330,619,
4488	779,85,
4489	1,149,
4490	474,535,
4491	978,150,358,
4492	570,204,
4493	625,147,980,309,
4494	215,826,213,927,
4495	339,83,293,386,
4496	984,801,213,
4497	988,884,958,
4498	324,748,334,6,
4499	585,837,142,305,
4500	169,187,131,
4501	563,
4502	585,34,69,
4503	657,586,246,
4504	856,569,581,
4505	249,138,
4506	368,635,
4507	1,465,
4508	408,
4509	993,657,804,149,
4510	579,
4511	642,172,380,495,
4512	3,793,523,
4513	276,
4514	985,
4515	842,
4516	457,290,597,615,
4517	736,769,99,374,
4518	25,858,998,
4519	832,884,
4520	420,342,572,
4521	199,
4522	89,557,622,391,
4523	512,246,
4524	461,974,47,
4525	544,825,659,
4526	573,685,
4527	802,
4528	134,
4529	308,
4530	556,
4531	328,868,895,
4532	250,355,
4533	211,54,998,
4534	380,
4535	56,762,715,28,
4536	58,341,733,
4537	122,115,
4538	76,711,
4539	90,742,
4540	362,102,
4541	696,123,988,821,
4542	386,157,
4543	867,995,727,
4544	556,
4545	643,
4546	432,468,
4547	177,
4548	967,645,103,
4549	136,289,781,759,
4550	356,469,
4551	807,
4552	911,537,292,791,
4553	881,380,
4554	432,749,742,
4555	184,934,863,
4556	616,930,
4557	777,541,
4558	868,396,197,175,
4559	376,119,
4560	984,869,
4561	64,281,110,
4562	136,
4563	361,442,971,860,
4564	408,206,
4565	907,
4566	546,379,148,370,
4567	48,
4568	184,436,
4569	761,436,881,
4570	456,315,340,335,
4571	352,217,996,541,
4572	346,99,79,7,
4573	897,318,615,
4574	916,678,
4575	76,996,
4576	328,651,886,159,
4577	346,
4578	865,635,
4579	652,459,132,782,
4580	920,843,
4581	543,
4582	336,289,924,36,
4583	320,
4584	905,162,
4585	706,843,237,
4586	501,
4587	176,849,
4588	938,229,775,
4589	83,939,846,
4590	849,
4591	486,
4592	728,27,493,
4593	650,669,719,
4594	227,
4595	794,355,556,869,
4596	64,698,598,711,
4597	515,75,
4598	916,378,308,741,
4599	803,796,990,
4600	618,
4601	601,955,
4602	280,74,734,
4603	58,
4604	920,25,741,639,
4605	962,59,615,
4606	786,445,
4607	366,823,
4608	789,510,351,
4609	33,
4610	997,781,967,
4611	944,89,828,928,
4612	960,362,
4613	361,435,955,
4614	777,730,979,
4615	955,
4616	377,218,
4617	944,131,
4618	15,
4619	781,820,821,502,
4620	407,250,646,270,
4621	832,257,157,
4622	496,88,733,
4623	874,499,
4624	531,
4625	825,917,318,
4626	288,913,739,973,
4627	75,606,623,
4628	909,
4629	130,123,
4630	896,84,
4631	464,11,100,103,
4632	45,
4633	648,582,103,
4634	450,597,478,262,
4635	584,826,724,21,
4636	650,
4637	41,523,69,830,
4638	84,397,791,
4639	392,519,
4640	218,
4641	987,694,
4642	738,525,659,789,
4643	104,170,826,
4644	290,684,111,
4645	736,385,234,
4646	197,
4647	627,331,648,310,
4648	492,
4649	12,559,591,183,
4650	163,366,
4651	875,
4652	584,842,420,
4653	817,98,306,873,
4654	890,
4655	256,531,251,54,
4656	901,838,
4657	417,186,987,974,
4658	173,
4659	532,
4660	629,548,69,591,
4661	824,681,760,271,
4662	840,81,606,
4663	806,296,574,
4664	924,674,908,114,
4665	8,658,357,
4666	108,654,
4667	47,
4668	849,161,
4669	74,654,
4670	177,251,105,
4671	341,855,87,
4672	755,836,
4673	577,643,157,25,
4674	321,967,670,567,
4675	335,647,
4676	259,
4677	105,156,
4678	27,235,
4679	25,650,835,687,
4680	979,334,
4681	632,643,581,653,
4682	218,
4683	936,999,
4684	552,248,659,573,
4685	8,637,365,590,
4686	520,162,
4687	583,
4688	876,
4689	577,875,286,31,
4690	203,629,
4691	865,514,
4692	736,
4693	808,
4694	635,102,19,707,
4695	714,475,652,503,
4696	273,266,91,493,
4697	184,737,541,
4698	802,285,
4699	422,
4700	468,
4701	867,158,111,
4702	242,867,
4703	618,
4704	844,95,447,
4705	373,
4706	432,444,831,
4707	933,350,
4708	59,742,710,895,
4709	976,593,355,
4710	400,559,421,399,
4711	932,4,647,
4712	385,861,758,22,
4713	304,443,535,519,
4714	659,844,815,711,
4715	554,266,475,246,
4716	469,
4717	34,781,397,
4718	874,506,845,
4719	384,812,678,407,
4720	737,249,583,479,
4721	88,610,747,871,
4722	296,345,821,
4723	569,620,973,
4724	632,
4725	204,
4726	910,
4727	636,78,
4728	429,230,
4729	56,130,651,208,
4730	565,716,253,
4731	108,
4732	217,255,
4733	143,460,375,823,
4734	459,
4735	200,899,100,
4736	648,358,766,175,
4737	280,729,476,799,
4738	167,
4739	725,
4740	873,162,949,
4741	904,477,390,
4742	611,924,899,30,
4743	763,
4744	859,684,405,702,
4745	796,651,636,949,
4746	674,787,164,327,
4747	586,123,
4748	835,387,
4749	400,293,44,429,
4750	908,326,623,
4751	336,540,
4752	456,999,165,775,
4753	184,235,
4754	178,531,
4755	562,
4756	301,
4757	542,
4758	346,348,
4759	75,
4760	489,314,405,
4761	674,
4762	592,685,173,
4763	763,103,
4764	132,701,
4765	562,
4766	258,996,
4767	655,999,703,
4768	121,388,279,639,
4769	437,615,
4770	216,178,700,
4771	342,
4772	655,
4773	576,332,285,399,
4774	848,281,92,
4775	728,309,711,
4776	341,991,
4777	264,788,70,79,
4778	961,700,84,
4779	681,796,942,15,
4780	536,441,827,246,
4781	630,863,
4782	883,195,117,
4783	154,887,
4784	744,171,277,
4785	715,133,
4786	97,331,457,
4787	144,622,
4788	808,322,527,
4789	16,42,686,
4790	680,842,799,751,
4791	185,966,
4792	65,298,
4793	817,327,254,623,
4794	331,435,
4795	84,532,758,743,
4796	685,199,
4797	332,
4798	375,
4799	408,988,711,
4800	169,995,309,
4801	865,
4802	891,826,843,
4803	338,51,909,678,
4804	618,
4805	96,922,39,
4806	90,188,548,
4807	28,191,
4808	296,
4809	321,82,899,549,
4810	169,28,
4811	25,
4812	572,45,942,239,
4813	217,499,438,537,
4814	946,70,
4815	982,
4816	817,891,757,
4817	478,391,
4818	198,
4819	872,
4820	604,485,
4821	722,733,
4822	977,340,25,
4823	14,
4824	793,498,205,431,
4825	901,
4826	137,186,861,
4827	80,796,477,
4828	625,252,780,102,
4829	328,
4830	626,165,319,
4831	656,410,812,999,
4832	912,470,
4833	19,
4834	458,
4835	397,462,
4836	489,757,910,287,
4837	965,790,
4838	81,706,332,
4839	91,
4840	730,4,222,94,
4841	778,771,
4842	527,
4843	634,
4844	680,802,964,244,
4845	379,
4846	337,677,
4847	17,835,757,702,
4848	529,794,514,228,
4849	242,995,
4850	140,902,324,430,
4851	830,
4852	626,716,108,
4853	24,794,490,724,
4854	115,374,75,798,
4855	32,834,988,567,
4856	221,421,255,
4857	825,863,
4858	980,
4859	163,628,
4860	490,764,
4861	458,10,755,
4862	921,433,748,199,
4863	713,971,846,
4864	537,169,
4865	80,251,966,127,
4866	457,773,
4867	539,786,219,798,
4868	502,919,
4869	312,98,124,774,
4870	495,823,
4871	265,449,
4872	523,
4873	697,467,
4874	865,251,828,509,
4875	291,76,4,719,
4876	468,303,
4877	820,847,
4878	585,516,252,9,
4879	290,643,894,
4880	505,533,
4881	8,881,362,433,
4882	986,
4883	816,193,
4884	632,805,
4885	898,486,
4886	802,155,
4887	658,
4888	66,627,53,135,
4889	615,845,383,
4890	19,
4891	221,742,695,
4892	744,442,376,661,
4893	587,938,395,
4894	257,886,
4895	176,355,949,455,
4896	896,193,198,
4897	516,677,310,
4898	172,797,405,
4899	482,79,910,270,
4900	530,709,102,
4901	436,
4902	267,130,821,285,
4903	136,840,612,
4904	237,
4905	531,
4906	657,174,
4907	697,127,
4908	633,132,637,
4909	546,364,
4910	806,
4911	715,
4912	215,
4913	618,663,
4914	736,246,
4915	606,74,59,446,
4916	880,403,427,54,
4917	787,579,975,
4918	344,192,
4919	333,591,
4920	319,
4921	104,817,836,887,
4922	368,34,763,124,
4923	228,597,158,766,
4924	900,331,764,365,
4925	258,327,
4926	942,
4927	928,11,
4928	112,293,176,
4929	499,
4930	505,
4931	754,695,
4932	329,905,997,
4933	146,628,
4934	28,461,263,
4935	640,91,
4936	147,292,933,695,
4937	897,780,873,215,
4938	74,
4939	579,124,
4940	905,261,990,
4941	40,365,883,461,
4942	894,
4943	408,750,
4944	144,425,266,460,
4945	418,778,
4946	331,643,270,
4947	328,331,996,
4948	826,
4949	192,455,573,429,
4950	33,725,638,
4951	620,
4952	280,921,166,
4953	817,922,491,
4954	632,141,
4955	496,141,350,486,
4956	129,685,94,351,
4957	225,729,207,
4958	305,508,
4959	671,609,55,
4960	432,265,
4961	683,556,781,
4962	344,730,114,825,
4963	990,957,670,
4964	424,
4965	184,180,104,
4966	856,475,
4967	768,981,
4968	960,585,552,423,
4969	236,285,319,
4970	291,582,919,
4971	579,693,327,7,
4972	217,386,52,
4973	851,781,550,415,
4974	170,625,610,682,
4975	769,409,19,133,
4976	339,395,
4977	897,86,
4978	600,361,989,
4979	922,
4980	649,891,941,694,
4981	625,404,221,486,
4982	193,948,812,397,
4983	185,706,659,
4984	728,247,886,463,
4985	729,972,710,
4986	458,540,551,
4987	1,451,
4988	521,212,830,55,
4989	769,
4990	496,118,814,160,
4991	34,
4992	37,
4993	345,
4994	504,113,
4995	250,863,
4996	889,501,630,999,
4997	227,308,
4998	384,734,
4999	647,
